1=2|3 -21|3 -44|3 -73|6 -77|3 -80|3 -103|3 -130|3 -131|3 -148|3 -159|2 -160|3 -183|2 -184|3 -192|3 -194|2 -214|3 -216|3 -227|4 -230|3 -234|3 -241|3 -248|3 -255|3 -291|3 -295|3 -318|3 -344|3 -362|3 -504|3 -620|15 -650|3 -769|3 -780|3 -785|3 -806|3 -810|3 -831|3 -883|3 -937|4 -943|3 -1211|3 -1251|15 -1384|4 -1908|4 -1915|3 -
2=2|11 -20|3 -21|11 -28|7 -44|11 -77|11 -80|11 -103|11 -115|9 -130|11 -131|11 -140|7 -148|11 -156|3 -160|11 -189|3 -192|11 -214|11 -216|11 -230|11 -234|11 -238|3 -240|7 -241|11 -248|11 -255|11 -259|7 -263|10 -264|9 -291|11 -295|11 -316|9 -318|11 -331|9 -344|11 -353|7 -354|9 -355|9 -362|11 -504|11 -506|6 -650|11 -768|9 -769|12 -780|11 -785|11 -806|11 -810|11 -831|11 -872|6 -883|11 -943|12 -944|9 -1211|11 -1384|12 -1440|12 -1556|2 -1915|12 -1916|9 -
3=2|10 -13|11 -21|10 -42|8 -44|10 -77|10 -80|10 -103|10 -115|8 -130|10 -131|10 -132|5 -148|10 -160|10 -162|5 -187|1 -192|10 -214|10 -216|10 -230|10 -234|10 -241|10 -248|10 -255|10 -263|9 -264|8 -291|10 -295|10 -316|8 -318|10 -331|8 -344|10 -354|8 -355|8 -362|10 -435|1 -460|1 -482|1 -484|1 -504|10 -620|2 -650|10 -674|1 -768|8 -769|11 -780|10 -785|10 -806|10 -810|10 -830|1 -831|10 -856|2 -858|2 -859|1 -883|10 -923|1 -931|2 -943|11 -944|8 -1000|1 -1183|1 -1211|10 -1251|2 -1320|2 -1332|1 -1384|11 -1490|5 -1546|2 -1547|2 -1559|7 -1565|7 -1588|2 -1613|11 -1903|2 -1915|11 -1916|8 -
4=2|7 -4|6 -13|8 -17|3 -21|7 -44|7 -77|7 -80|7 -83|5 -103|7 -115|5 -122|7 -130|7 -131|7 -132|4 -134|5 -148|7 -151|3 -160|7 -162|4 -169|3 -182|6 -192|7 -198|4 -206|9 -214|7 -216|7 -223|6 -230|7 -234|7 -241|7 -246|6 -248|7 -253|3 -255|7 -263|5 -264|5 -290|7 -291|7 -294|4 -295|7 -316|5 -318|7 -331|5 -334|7 -344|7 -345|3 -354|5 -355|5 -362|7 -401|3 -455|5 -482|7 -484|7 -504|7 -509|7 -538|6 -556|6 -576|4 -581|4 -616|4 -650|7 -696|2 -749|2 -752|2 -759|1 -760|2 -768|5 -769|7 -780|7 -785|7 -790|2 -793|5 -806|7 -810|7 -820|2 -821|6 -823|2 -827|4 -830|6 -831|7 -841|7 -856|8 -858|8 -859|7 -875|5 -883|7 -919|3 -943|7 -944|5 -957|2 -958|1 -965|4 -968|2 -971|2 -1000|7 -1035|3 -1038|3 -1060|4 -1135|8 -1140|3 -1141|2 -1154|3 -1187|3 -1211|7 -1258|4 -1308|4 -1313|4 -1329|3 -1342|6 -1371|6 -1384|8 -1429|5 -1442|3 -1493|8 -1580|14 -1613|10 -1634|5 -1635|5 -1636|5 -1667|6 -1680|3 -1685|5 -1751|8 -1757|3 -1758|2 -1852|3 -1891|3 -1915|7 -1916|5 -1929|2 -1930|1 -1938|4 -1940|2 -1944|2 -1965|8 -
5=2|4 -21|4 -44|4 -77|4 -80|4 -103|4 -130|4 -131|4 -148|4 -160|4 -192|4 -214|4 -216|4 -230|4 -234|4 -241|4 -248|4 -255|4 -291|4 -295|4 -318|4 -344|4 -362|4 -504|4 -650|4 -769|4 -780|4 -785|4 -806|4 -810|4 -831|4 -883|4 -943|4 -1211|4 -1384|5 -1915|4 -
6=2|6 -21|6 -44|6 -77|6 -80|6 -103|6 -115|1 4 -130|6 -131|6 -148|6 -160|6 -192|6 -214|6 -216|6 -230|6 -234|6 -241|6 -248|6 -255|6 -263|1 4 -264|1 4 -291|6 -295|6 -316|1 4 -318|6 -331|1 4 -344|6 -354|1 4 -355|1 4 -362|6 -482|6 -484|6 -504|6 -556|5 -650|6 -701|1 -702|1 -768|1 4 -769|6 -780|6 -785|6 -806|6 -810|6 -831|6 -856|7 -858|7 -859|6 -883|6 -908|3 -943|6 -944|1 4 -1000|6 -1073|6 -1127|2 -1128|1 -1129|1 -1176|4 -1211|6 -1342|5 -1384|7 -1580|10 -1744|2 -1745|1 -1746|1 -1782|3 -1880|3 -1887|2 -1898|1 -1909|1 -1915|6 -1916|1 4 -
7=2|1 -21|1 -28|1 -38|5 -44|1 -57|3 -77|1 -80|1 -99|3 -102|4 -103|1 -116|6 -120|2 -130|1 -131|1 -140|1 -148|1 -152|4 -160|1 -192|1 -194|3 -214|1 -216|1 -224|4 -230|1 -234|1 -235|3 -240|1 -241|1 -248|1 -255|1 -258|1 -259|1 -291|1 -292|4 -295|1 -311|3 -318|1 -339|4 -344|1 -352|4 -353|1 -362|1 -474|4 -504|1 -650|1 -769|1 -780|1 -785|1 -806|1 -810|1 -814|4 -828|8 -831|1 -883|1 -922|6 -937|2 -943|1 -959|2 -1036|2 -1106|4 -1211|1 -1384|2 -1414|3 -1502|8 -1527|3 -1894|6 -1908|2 -1915|1 -1931|2 -
8=2|2 -21|2 -44|2 -77|2 -80|2 -103|2 -130|2 -131|2 -148|2 -152|5 -160|2 -192|2 -214|2 -216|2 -224|5 -230|2 -234|2 -241|2 -248|2 -255|2 -291|2 -292|5 -295|2 -318|2 -339|5 -344|2 -362|2 -504|2 -650|2 -769|2 -780|2 -785|2 -806|2 -810|2 -814|5 -831|2 -883|2 -922|7 -937|3 -943|2 -1089|4 -1154|2 -1187|2 -1211|2 -1384|3 -1541|3 -1894|7 -1908|3 -1915|2 -
9=2|9 -21|9 -44|9 -77|9 -80|9 -103|9 -130|9 -131|9 -139|5 -148|9 -160|9 -192|9 -214|9 -216|9 -230|9 -234|9 -241|9 -248|9 -255|9 -291|9 -295|9 -318|9 -344|9 -362|9 -633|2 -647|2 -780|9 -785|9 -806|9 -810|9 -831|9 -1215|2 -1233|2 -
10=2|5 -21|5 -44|5 -77|5 -80|5 -103|5 -115|3 -130|5 -131|5 -148|5 -160|5 -192|5 -214|5 -216|5 -230|5 -234|5 -241|5 -248|5 -255|5 -263|3 -264|3 -291|5 -295|5 -310|7 -316|3 -318|5 -329|5 -331|3 -344|5 -354|3 -355|3 -362|5 -504|5 -565|2 -650|5 -659|3 -768|3 -769|5 -780|5 -785|5 -806|5 -810|5 -831|5 -883|5 -943|5 -944|3 -1073|5 -1089|3 -1152|5 -1199|3 -1211|5 -1330|3 -1333|2 -1375|5 -1382|2 -1383|2 -1384|6 -1535|3 -1536|3 -1769|5 -1812|5 -1915|5 -1916|3 -
11=2|8 -21|8 -44|8 -77|8 -80|8 -103|8 -130|8 -131|8 -148|8 -160|8 -192|8 -214|8 -216|8 -230|8 -234|8 -241|8 -248|8 -255|8 -291|8 -295|8 -318|8 -344|8 -362|8 -633|1 -647|1 -780|8 -785|8 -806|8 -810|8 -831|8 -1215|1 -1233|1 -
12=3|3 -176|2 -636|2 -640|2 -692|2 -795|2 -825|2 -1225|2 -1229|2 -1325|3 -1460|3 -1469|3 -1516|3 -1553|3 -1587|3 -1678|3 -
13=3|1 -330|1 -
14=3|2 -176|1 -636|1 -640|1 -692|1 -795|1 -825|1 -1225|1 -1229|1 -1325|2 -1469|2 -1587|2 -1643|2 -1678|2 -
15=4|5 -
16=4|2 -451|3 -1066|3 -
17=4|4 -155|2 -275|2 -473|2 -478|2 -485|2 -488|2 -497|2 -501|2 -844|2 -853|2 -855|2 -864|2 -867|2 -887|2 -955|3 -973|3 -1440|4 -1691|9 -1928|3 -1946|3 -
18=4|7 -39|1 -49|1 -57|1 -99|1 -108|1 -155|3 -184|5 -194|1 -195|1 -206|1 -225|1 -232|1 -235|1 -258|3 -288|1 -311|1 -314|1 -326|1 -342|1 -345|6 -705|4 -809|1 -815|1 -828|1 -834|1 -1124|4 -1156|14 -1315|2 -1740|4 -1772|14 -1854|4 -
19=4|3 -324|6 -
20=4|1 -
21=6|2 -611|3 7 -709|8 -712|8 -1116|8 -1118|8 -1266|3 7 -1390|2 -1468|2 -1471|8 -1472|8 -1494|9 -1521|8 -1533|8 -1564|8 -1732|8 -1734|8 -
22=6|6 -
23=6|4 -85|5 -122|10 -151|6 -320|9 -322|9 -342|8 -506|4 -538|2 -782|6 -872|4 -1371|2 -1568|8 -1782|6 -
24=6|3 -17|11 -33|11 -57|6 -276|4 -287|3 -293|6 -303|3 -317|4 -833|3 -838|6 -1729|4 -
25=6|5 -112|2 -246|4 -696|3 -1135|2 -1140|4 -1141|3 -1479|8 -1482|8 -1537|2 -1580|11 -1662|2 -1691|4 -1751|2 -1757|4 -1758|3 -1782|2 -1965|2 -
26=6|1 -503|4 -885|4 -1494|8 -
27=7|2 -15|5 -32|4 -38|4 -47|3 -56|6 -66|3 -69|5 -70|3 -92|3 -113|5 -132|9 -133|4 -135|2 -162|9 -173|4 -186|6 -199|4 -239|7 -276|3 -287|2 -303|2 -315|5 -350|2 -383|2 -388|3 -450|4 -460|8 -486|2 -494|6 -496|2 -505|3 -560|3 -564|2 -572|2 -585|4 -620|10 -722|5 -794|2 -801|5 -807|2 -833|2 -847|6 -879|5 -898|3 -904|2 -923|8 -1051|5 -1076|2 -1077|4 -1251|10 -1256|3 -1259|3 -1302|4 -1304|3 -1322|2 -1334|2 -1339|3 -1440|10 15 -1468|10 -1490|12 -1502|7 -1546|11 -1547|11 -1614|5 -1622|4 -1668|3 -1671|3 -1687|3 -1729|3 -1793|8 -1797|3 -1798|2 -1870|3 -1875|2 -
28=7|9 -47|10 -92|10 -182|3 -468|1 -747|1 -871|1 -975|1 -1948|1 -
29=7|8 -47|9 -92|9 -755|2 -964|2 -1083|4 -1467|3 -1493|3 -1514|5 -1529|3 -1586|3 -1631|3 -1638|3 -1937|2 -
30=7|4 -47|5 -92|5 -433|5 -1386|5 -1396|6 -1813|5 -1814|6 -
31=7|7 -47|8 -92|8 -755|1 -964|1 -1083|3 -1467|2 -1493|2 -1514|4 -1529|2 -1586|2 -1631|2 -1638|2 -1937|1 -
32=7|5 -47|6 -92|6 -
33=7|6 -18|6 -47|7 -68|6 -87|3 -92|7 -97|3 -98|2 -106|6 -110|6 -112|5 -114|6 -129|5 -352|3 -453|3 -481|6 -487|6 -503|2 -564|5 -572|10 -615|4 -736|2 -738|3 -756|2 -773|2 -828|7 -854|6 -860|6 -885|2 -938|2 -948|3 -963|2 -984|3 -994|3 -998|2 -1010|3 -1028|4 -1034|3 -1260|4 -1315|5 -1322|10 -1334|5 -1467|6 -1493|11 -1537|4 -1576|3 -1613|4 -1614|8 -1622|7 -1662|5 -1793|3 -1910|2 -1919|3 -1936|2 -1957|3 -1967|3 -1971|2 -1982|3 -
34=7|3 -13|6 -15|2 -42|7 -47|4 -92|4 -96|1 -97|8 -118|4 -133|2 5 -141|2 -151|11 -170|1 -171|2 -172|2 -185|1 -195|6 -206|10 -222|7 -226|2 -253|9 -313|3 -315|3 -324|9 -337|2 -425|6 -486|5 -506|2 -589|1 -612|3 -645|2 -665|1 -717|2 -782|3 -872|2 -882|2 -995|2 -1076|5 -1144|2 -1156|10 -1160|3 -1161|2 -1164|2 -1218|2 -1240|2 -1241|2 -1264|3 -1269|5 -1297|1 -1321|2 -1405|6 -1457|2 -1489|2 -1491|3 -1576|4 -1672|2 -1674|2 -1676|2 -1760|2 -1772|10 -1777|3 -1791|2 -1801|1 -1823|6 -1968|2 -
35=7|1 -47|2 -92|2 -500|6 -538|8 -756|1 -888|6 -963|1 -1371|8 -1467|5 -1936|1 -
36=7|11 -47|12 -92|12 -
37=7|10 -47|11 -92|11 -
38=8|2 -180|5 -323|2 -343|2 -433|9 -460|5 -482|9 -484|9 -492|2 -620|6 -760|1 -851|2 -856|10 -858|10 -859|9 -923|5 -957|1 -1000|9 -1251|6 -1386|9 -1396|10 -1490|10 -1545|4 -1546|8 -1547|8 -1789|4 -1813|9 -1814|10 -1929|1 -
39=8|3 -323|3 -343|3 -356|4 -393|7 -455|4 -492|3 -703|2 -705|3 -851|3 -875|4 -892|7 -1111|3 -1124|3 -1126|2 -1689|3 -1740|3 -1743|2 -1854|3 -1863|7 -1876|2 -1920|3 -
40=8|1 -323|1 -343|1 -475|1 -492|1 -514|1 -577|1 -643|1 -654|1 -709|2 -712|2 -851|1 -902|2 -1025|1 -1026|1 -1041|1 -1064|1 -1078|1 -1116|2 -1118|2 -1471|2 -1472|2 -1511|2 -1515|2 -1521|2 -1533|2 -1564|2 -1732|2 -1734|2 -1873|2 -
41=9|4 -315|7 -
42=9|5 -
43=9|1 -50|1 -58|1 -91|1 -167|1 -169|1 -175|1 -203|1 -207|1 -209|1 -257|1 -327|1 -328|1 -433|1 -625|1 -635|1 -788|1 -797|1 -811|1 -1150|2 -1156|2 -1171|2 -1230|1 -1245|1 -1269|2 -1386|1 -1396|2 -1452|1 -1463|1 -1469|1 -1471|1 -1472|1 -1474|1 -1475|1 -1480|1 -1482|1 -1486|1 -1488|1 -1489|1 -1490|1 -1491|2 -1492|1 -1493|1 -1494|1 -1495|1 -1498|1 -1501|1 -1503|1 -1505|1 -1506|1 -1511|1 -1514|1 -1515|1 -1517|1 -1521|1 -1526|1 -1527|1 -1529|1 -1533|1 -1535|1 -1537|1 -1539|1 -1541|1 -1545|1 -1546|1 -1547|1 -1550|1 -1551|1 -1553|1 -1557|1 -1558|1 -1564|1 -1572|1 -1583|1 -1584|1 -1586|1 -1588|1 -1593|1 -1604|1 -1606|1 -1607|2 -1615|1 -1617|1 -1622|1 -1624|1 -1628|1 -1629|1 -1630|1 -1631|1 -1637|1 -1638|1 -1655|1 -1662|1 -1663|1 -1669|1 -1671|1 -1680|1 -1684|1 -1691|1 -1701|1 -1709|1 -1724|1 -1725|1 -1728|1 -1735|1 -1752|1 -1763|1 -1767|2 -1772|2 -1790|1 -1793|1 -1813|1 -1814|2 -
44=9|7 -
45=9|6 -948|4 -1919|4 -
46=9|2 -908|2 -1880|2 -
47=9|3 -85|6 -
48=11|1 -
49=11|2 -49|4 -96|5 -102|2 -118|2 -137|2 -197|4 -203|3 -294|1 -327|3 -342|9 -1105|3 -1152|3 -1410|2 -1476|3 8 -1769|3 -
50=13|4 -25|3 -39|3 -61|6 -62|7 -67|8 -82|3 -98|7 -116|4 -129|3 -179|6 -188|5 -190|2 -197|6 -203|8 -206|7 -218|3 -222|2 -223|2 -243|4 -265|2 -297|3 -324|8 -338|3 -340|3 -342|5 -429|4 -431|4 -467|5 -482|3 -484|3 -556|3 -560|5 -565|3 -611|5 -659|4 -691|3 -778|4 7 -793|3 -794|5 -822|3 -834|5 -840|3 -856|4 -858|4 -859|3 -916|3 -931|4 -1000|3 -1073|3 -1105|5 -1153|3 -1157|3 -1178|3 -1199|4 -1266|5 -1330|4 -1333|3 -1339|5 -1342|3 -1398|4 -1399|4 -1400|5 -1440|5 -1453|4 -1468|3 7 -1476|6 -1479|3 -1482|3 -1535|4 -1536|4 -1557|4 -1569|7 -1668|6 -1671|6 -1763|4 -1770|3 -1773|3 -1774|4 -1816|4 -1817|4 -1888|3 -1903|4 -
51=13|7 -
52=13|1 -17|4 -26|4 -108|7 -122|2 -126|2 -151|13 -179|10 -182|9 -186|4 -206|3 -223|4 -249|7 -265|5 -294|5 -311|6 -345|4 -347|4 -386|3 -508|7 -691|6 7 -800|4 -809|3 -850|7 -1060|2 -1094|3 -1153|6 7 -1157|6 7 -1453|2 3 -1770|6 7 -1773|6 7 -
53=13|3 -
54=13|10 -281|9 -
55=13|2 -
56=13|9 -144|3 -256|2 -479|2 -863|2 -1593|3 -1624|3 -1793|4 -
57=13|5 -310|1 -
58=14|2 -18|4 -40|2 -68|4 -106|4 -110|4 -114|4 -
59=14|3 -40|3 -545|3 -703|3 -743|4 -757|2 -805|8 -961|2 -988|4 -1111|4 -1126|3 -1217|4 -1219|6 -1358|3 -1440|16 -1460|6 -1689|4 -1743|3 -1876|3 -1920|4 -1934|2 -1960|4 -
60=14|1 -494|7 -847|7 -
61=15|4 -253|11 -
62=15|3 -253|10 -
63=15|7 -38|1 -76|2 -96|10 -
64=15|6 -76|1 -253|4 -
65=15|1 -1527|2 -
66=16|5 -
67=16|2 -178|2 -321|2 -507|2 -777|2 -783|2 -784|2 -812|2 -861|2 -
68=16|1 -178|1 -321|1 -507|1 -565|1 -659|2 -777|1 -783|1 -784|1 -812|1 -861|1 -1199|2 -1330|2 -1333|1 -1535|2 -1536|2 -
69=16|3 -112|11 -178|3 -357|5 -777|3 -1614|9 -1662|11 -
70=16|4 -18|7 -19|3 -22|2 -68|7 -106|7 -110|7 -114|7 -357|6 -812|4 -
71=16|6 -18|9 -19|4 -68|9 -73|5 -106|9 -110|9 -114|9 -132|12 -162|12 -178|6 -205|7 -220|7 -228|4 -231|9 -233|2 -244|3 -246|9 -250|7 -261|7 -281|3 -289|7 -305|9 -312|13 -313|7 -319|4 -321|6 -336|2 -456|4 -457|4 -483|8 -547|2 -616|6 -723|2 -725|4 -776|8 -777|6 -781|11 -808|4 -812|6 -830|11 -857|8 -876|4 -878|2 -916|5 -967|5 -989|4 -1001|4 -1056|4 -1258|6 -1356|2 -1402|2 -1691|3 -1819|2 -1888|5 -
72=17|1 -
73=17|6 -
74=17|8 -236|4 -433|4 -1386|4 -1396|5 -1813|4 -1814|5 -
75=17|5 -907|2 -1220|2 -1487|2 -1879|2 -
76=17|10 -
77=17|7 -85|3 -720|3 -880|3 -
78=17|9 -
79=17|2 -310|5 -329|3 -1152|10 -1769|10 -
80=18|1 -50|2 -51|1 -68|1 -106|1 -110|1 -114|1 -149|1 -743|1 -805|1 -988|1 -1960|1 -
81=18|5 -68|5 -106|5 -110|5 -114|5 -175|3 -
82=18|3 -68|3 -106|3 -110|3 -
83=18|8 -32|6 -357|7 -1368|6 -1580|7 -1784|5 -
84=18|2 -40|1 -
85=19|2 -20|6 -156|6 -189|6 -228|2 -238|6 -508|2 -725|2 -850|2 -876|2 -
86=19|1 -228|1 -725|1 -876|1 -
87=20|4 -73|3 -156|4 -189|4 -238|4 -
88=20|2 -73|2 -156|2 -189|2 -238|2 -
89=20|1 -73|1 -156|1 -189|1 -238|1 -
90=20|5 -156|5 -189|5 -238|5 -340|7 -
91=22|1 -319|1 -1475|2 -
92=22|3 -319|2 -1475|4 -
93=23|3 -75|3 -181|3 -229|3 -
94=23|2 -66|2 -75|2 -154|2 -181|2 -205|2 -220|2 -229|2 -231|2 -250|2 -261|2 -268|4 -289|2 -305|2 -
95=23|1 -75|1 -154|1 -181|1 -229|1 -
96=25|2 -164|5 -1269|3 -1793|10 -
97=25|4 -
98=25|1 -164|1 -
99=26|5 -347|5 -800|5 -
100=26|2 -53|2 -71|2 -86|2 -93|2 -113|2 -139|2 -142|2 -347|2 -800|2 -
101=26|1 -53|1 -86|1 -93|1 -113|1 -139|1 -
102=26|3 -53|3 -71|3 -86|3 -93|3 -97|14 -113|3 -138|3 -139|3 -142|3 -158|3 -330|5 -347|3 -572|5 -797|5 -800|3 -801|3 -804|7 -1051|9 -1322|5 -1446|3 -1580|4 -1858|3 -
103=26|6 -347|6 -800|6 -
104=28|4 -140|4 -240|4 -259|4 -353|4 -
105=28|2 -52|1 -140|2 -240|2 -259|2 -353|2 -611|6 -613|1 -803|5 -1262|2 -1263|1 -1266|6 -
106=28|3 -140|3 -240|3 -259|3 -353|3 -
107=28|5 -140|5 -240|5 -259|5 -288|5 -324|1 -353|5 -473|3 -478|3 -485|3 -488|3 -497|3 -498|4 -501|3 -513|6 -620|17 -701|2 -702|2 -776|7 -834|9 -840|5 -843|4 -844|3 -853|3 -855|3 -864|3 -867|3 -887|3 -955|4 -973|4 -1067|6 -1127|3 -1128|2 -1129|2 -1152|7 -1251|17 -1559|3 -1565|3 -1744|3 -1745|2 -1746|2 -1769|7 -1887|3 -1898|2 -1909|2 -1928|4 -1946|4 -
108=28|6 -67|3 -140|6 -240|6 -259|6 -353|6 -
109=29|3 -
110=29|1 -1556|1 -
111=29|2 -
112=29|5 -467|31 -1400|31 -1778|3 -
113=29|4 -87|4 -299|2 -308|3 -467|30 -615|5 -709|6 -712|6 -741|2 -987|2 -995|4 -1116|6 -1118|6 -1260|5 -1400|30 -1471|6 -1472|6 -1495|3 -1521|6 -1533|6 -1564|6 -1732|6 -1734|6 -1961|2 -1968|4 -
114=30|1 -1649|2 -
115=32|5 -70|4 -95|2 -96|2 -112|7 12 -132|10 -135|3 -150|2 -162|10 -167|3 -173|5 -174|7 -197|1 -343|4 -778|8 -796|6 -799|7 -1662|7 12 -1675|7 -1677|7 -
116=32|2 -173|2 -187|5 -199|2 -
117=32|3 -173|3 -199|3 -
118=32|1 -99|5 -102|5 -173|1 -199|1 -206|5 -1622|8 -
119=32|7 -95|4 -112|9 14 -167|5 -173|7 -174|9 -199|7 -323|8 -343|6 -563|6 -620|13 -711|5 -796|8 -799|9 -1111|8 -1117|5 -1251|13 -1335|6 -1546|14 -1547|14 -1662|9 14 -1675|9 -1677|9 -1689|8 -1733|5 -1781|5 -1784|6 -1920|8 -
120=33|6 -803|1 -
121=33|5 -1503|2 -
122=33|2 -953|2 -1135|11 -1751|11 -1926|2 -1965|11 -
123=33|9 -
124=33|1 -
125=33|8 -42|10 -338|7 -
126=33|4 -830|2 -
127=33|10 -
128=33|7 -116|1 -126|9 -338|4 -585|8 -1302|8 -
129=33|3 -
130=35|5 -
131=35|6 -
132=35|2 -50|7 -51|6 -64|3 -135|5 -174|6 -202|2 -215|5 -219|2 -257|3 -276|5 -287|4 -298|5 -303|4 -307|2 -350|4 -357|4 -425|1 -427|5 -538|1 -549|4 -613|3 -698|5 -715|5 -747|2 -750|2 -796|5 -799|6 -805|6 -823|4 -833|4 -837|2 -884|5 -916|2 -970|2 -975|2 -1137|5 -1138|5 -1262|4 -1263|3 -1351|4 -1371|1 -1403|5 -1405|1 -1417|5 -1479|2 -1482|2 -1651|4 -1654|4 -1675|6 -1677|6 -1691|8 -1720|3 -1729|5 -1754|5 -1755|5 -1820|5 -1823|1 -1833|5 -1888|2 -1942|2 -1948|2 -1987|5 -
133=35|1 -
134=35|4 -330|6 -797|6 -1191|3 -
135=35|3 -
136=35|7 -
137=36|1 -74|3 -168|1 -232|3 -252|2 -301|1 -320|1 -322|1 -503|3 -885|3 -
138=36|2 -168|2 -
139=37|2 -
140=37|1 -345|1 -
141=37|3 -
142=38|2 -
143=38|3 -116|2 -288|10 -480|4 -834|14 -862|4 -
144=38|7 -635|5 -1230|5 -
145=38|8 -635|6 -1230|6 -
146=38|6 -96|3 -118|5 -239|4 -
147=39|6 -
148=39|4 -98|8 -332|1 -
149=39|5 -98|9 -
150=39|7 -
151=39|2 -1476|4 -
152=42|11 -456|5 -457|5 -916|8 -967|6 -989|5 -1001|5 -1056|5 -1135|7 -1402|4 -1751|7 -1819|4 -1888|8 -1965|7 -
153=42|5 -
154=42|9 -
155=42|6 -118|3 -126|10 -179|9 -203|5 -272|3 -313|5 -317|3 -332|4 -338|5 -425|5 -474|3 -509|9 -665|5 -781|3 -782|2 -804|4 -841|9 -1106|3 -1269|4 -1354|4 -1405|5 -1451|4 -1545|6 -1801|5 -1823|5 -
156=42|2 -
157=42|1 -239|8 -337|6 -635|2 -1230|2 -
158=42|4 -
159=42|3 -
160=46|1 -1471|16 -1472|16 -1521|16 -1533|16 -1564|16 -1732|16 -1734|16 -
161=46|2 -
162=47|1 -62|1 -65|1 -92|1 -112|1 -121|1 -146|1 -171|1 -172|1 -174|1 -201|1 -211|1 -218|1 -266|1 -270|1 -276|1 -285|1 -297|1 -304|1 -309|1 -386|1 -388|1 -389|1 -425|2 -441|1 -452|1 -456|1 -457|1 -463|1 -470|1 -472|1 -476|1 -490|1 -491|1 -505|1 -516|1 -525|1 -556|1 -560|1 -567|1 -568|1 -576|1 -581|1 -593|1 -594|1 -601|1 -603|1 -620|1 -652|1 -659|1 -677|1 -691|1 -698|1 -705|1 -709|1 -712|1 -732|1 -775|1 -789|1 -798|1 -799|1 -817|1 -822|1 -829|1 -832|1 -846|1 -848|1 -856|1 -858|1 -866|1 -868|1 -869|1 -870|1 -896|1 -897|1 -898|1 -901|1 -902|1 -907|1 -908|1 -916|1 -917|1 -919|1 -921|1 -922|1 -924|1 -931|1 -932|1 -935|1 -937|1 -939|1 -941|1 -945|1 -946|1 -948|1 -953|1 -955|1 -956|1 -959|1 -962|1 -965|1 -967|1 -972|1 -973|1 -977|1 -979|1 -981|1 -982|1 -983|1 -984|1 -986|1 -989|1 -991|1 -992|1 -995|1 -996|1 -1001|1 -1005|1 -1007|1 -1008|1 -1010|1 -1012|1 -1013|1 -1017|1 -1019|1 -1021|1 -1024|1 -1027|1 -1028|1 -1029|1 -1030|1 -1035|1 -1036|1 -1038|1 -1040|1 -1042|1 -1044|1 -1045|1 -1048|1 -1051|1 -1053|1 -1056|1 -1058|1 -1060|1 -1061|1 -1062|1 -1065|1 -1069|1 -1071|1 -1073|1 -1074|1 -1075|1 -1079|1 -1080|1 -1081|1 -1082|1 -1083|1 -1084|1 -1085|1 -1087|1 -1089|1 -1091|1 -1094|1 -1095|1 -1097|1 -1099|1 -1100|1 -1103|1 -1104|1 -1105|1 -1111|1 -1114|1 -1116|1 -1118|1 -1119|1 -1121|1 -1124|1 -1127|1 -1130|1 -1132|1 -1133|1 -1134|1 -1135|1 -1136|1 -1137|1 -1138|1 -1140|1 -1142|1 -1144|1 -1147|1 -1148|1 -1149|1 -1150|1 -1152|1 -1153|1 -1154|1 -1155|1 -1156|1 -1157|1 -1160|1 -1161|1 -1164|1 -1171|1 -1172|1 -1175|1 -1176|1 -1178|1 -1181|1 -1184|1 -1187|1 -1191|1 -1199|1 -1203|1 -1204|1 -1206|1 -1207|1 -1210|1 -1213|1 -1217|1 -1219|1 -1220|1 -1237|1 -1240|1 -1241|1 -1243|1 -1244|1 -1249|1 -1250|1 -1251|1 -1255|1 -1256|1 -1259|1 -1262|1 -1269|1 -1270|1 -1271|1 -1274|1 -1275|1 -1276|1 -1279|1 -1280|1 -1282|1 -1283|1 -1289|1 -1291|1 -1292|1 -1293|1 -1300|1 -1304|1 -1307|1 -1308|1 -1313|1 -1315|1 -1317|1 -1318|1 -1320|1 -1321|1 -1325|1 -1326|1 -1327|1 -1328|1 -1329|1 -1330|1 -1336|1 -1339|1 -1342|1 -1345|1 -1346|1 -1352|1 -1353|1 -1354|1 -1359|1 -1360|1 -1361|1 -1364|1 -1365|1 -1368|1 -1369|1 -1375|1 -1379|1 -1381|1 -1382|1 -1383|1 -1384|1 -1385|1 -1389|1 -1390|1 -1393|1 -1394|1 -1396|1 -1402|1 -1405|2 -1407|1 -1408|1 -1410|1 -1414|1 -1417|1 -1422|1 -1423|1 -1425|1 -1429|1 -1437|1 -1439|1 -1440|1 -1445|1 -1446|1 -1448|1 -1451|1 -1453|1 -1457|1 -1458|1 -1460|1 -1465|1 -1467|1 -1468|1 -1473|1 -1476|1 -1479|1 -1481|1 -1487|1 -1490|4 -1491|1 -1497|1 -1500|1 -1502|1 -1504|1 -1508|1 -1509|1 -1513|1 -1516|1 -1528|1 -1534|1 -1536|1 -1540|1 -1542|1 -1559|1 -1560|1 -1561|1 -1562|1 -1563|1 -1565|1 -1566|1 -1568|1 -1569|1 -1574|1 -1576|1 -1580|1 -1582|1 -1585|1 -1587|1 -1595|1 -1598|1 -1601|1 -1602|1 -1607|1 -1608|1 -1609|1 -1611|1 -1613|1 -1614|1 -1619|1 -1623|1 -1625|1 -1626|1 -1627|1 -1634|1 -1635|1 -1636|1 -1639|1 -1640|1 -1643|1 -1648|1 -1649|1 -1651|1 -1654|1 -1656|1 -1657|1 -1660|1 -1661|1 -1664|1 -1665|1 -1666|1 -1667|1 -1668|1 -1672|1 -1674|1 -1675|1 -1676|1 -1677|1 -1678|1 -1685|1 -1687|1 -1688|1 -1689|1 -1690|1 -1696|1 -1697|1 -1698|1 -1699|1 -1704|1 -1705|1 -1706|1 -1710|1 -1713|1 -1714|1 -1715|1 -1716|1 -1717|1 -1719|1 -1720|1 -1721|1 -1723|1 -1726|1 -1729|1 -1730|1 -1732|1 -1734|1 -1736|1 -1740|1 -1744|1 -1747|1 -1749|1 -1750|1 -1751|1 -1753|1 -1754|1 -1755|1 -1757|1 -1759|1 -1760|1 -1764|1 -1765|1 -1766|1 -1767|1 -1769|1 -1770|1 -1771|1 -1772|1 -1773|1 -1774|1 -1777|1 -1778|1 -1780|1 -1781|1 -1782|1 -1784|1 -1788|1 -1789|1 -1791|1 -1792|1 -1797|1 -1799|1 -1800|1 -1803|1 -1805|1 -1806|1 -1808|1 -1809|1 -1811|1 -1812|1 -1814|1 -1819|1 -1823|2 -1825|1 -1826|1 -1833|1 -1848|1 -1850|1 -1854|1 -1857|1 -1858|1 -1859|1 -1868|1 -1869|1 -1870|1 -1873|1 -1879|1 -1880|1 -1887|1 -1888|1 -1889|1 -1891|1 -1893|1 -1894|1 -1895|1 -1903|1 -1904|1 -1906|1 -1908|1 -1911|1 -1913|1 -1917|1 -1919|1 -1920|1 -1921|1 -1926|1 -1928|1 -1931|1 -1935|1 -1938|1 -1943|1 -1945|1 -1946|1 -1950|1 -1951|1 -1953|1 -1954|1 -1955|1 -1956|1 -1957|1 -1959|1 -1963|1 -1964|1 -1965|1 -1968|1 -1969|1 -1976|1 -1977|1 -1979|1 -1980|1 -1982|1 -1984|1 -1987|1 -1989|1 -1991|1 -1993|1 -1995|1 -
163=48|2 -90|4 -91|5 -149|5 -691|5 -1150|4 -1153|5 -1157|5 -1767|4 -1770|5 -1773|5 -
164=48|3 -81|2 -90|2 -91|3 -365|1 -922|2 -933|1 -1894|2 -1905|1 -
165=48|1 -90|3 -91|4 -149|4 -691|4 -919|5 -946|2 -967|4 -1150|3 -1153|4 -1157|4 -1417|3 -1767|3 -1770|4 -1773|4 -1833|3 -1891|5 -1917|2 -
166=49|3 -
167=49|2 -74|1 -170|3 -171|4 -172|4 -271|3 -1672|4 -1674|4 -1676|4 -
168=50|3 -51|2 -215|1 -298|1 -805|2 -
169=50|6 -51|5 -215|4 -298|4 -475|2 -514|2 -577|2 -643|2 -654|2 -715|4 -741|3 -805|5 -884|4 -987|3 -1025|2 -1026|2 -1041|2 -1064|2 -1078|2 -1495|4 -1511|3 -1515|3 -1961|3 -
170=50|4 -51|3 -215|2 -298|2 -805|3 -
171=50|5 -51|4 -215|3 -298|3 -335|2 -595|2 -805|4 -1290|2 -1615|3 -
172=52|3 -803|4 -
173=52|2 -105|4 -198|1 -201|2 -308|1 -310|3 -329|1 -341|3 -377|1 -450|1 -453|1 -464|1 -473|1 -478|1 -483|1 -485|1 -488|1 -497|1 -501|1 -513|4 -539|1 -616|1 -761|1 -767|1 -782|4 -803|3 -805|7 -844|1 -853|1 -855|1 -857|1 -864|1 -867|1 -873|1 -887|1 -913|1 -919|4 -947|1 -954|1 -955|2 -973|2 -995|3 -1034|1 -1051|6 -1067|4 -1077|1 -1258|1 -1354|5 -1370|1 -1527|4 -1539|4 -1705|2 -1721|2 -1884|1 -1891|4 -1918|1 -1927|1 -1928|2 -1946|2 -1968|3 -
174=52|4 -99|6 -308|5 -323|5 -348|10 -366|2 -367|2 -498|2 -503|1 -572|9 -616|3 -807|3 -843|2 -885|1 -902|5 -929|2 -930|2 -948|2 -1069|4 -1258|3 -1322|9 -1506|2 -1545|5 -1687|4 -1873|5 -1901|2 -1902|2 -1919|2 -
175=53|4 -
176=53|5 -
177=54|1 -108|2 -1408|4 -1657|2 -1826|4 -
178=54|2 -108|3 -170|6 -171|7 -172|7 -184|1 -227|3 -342|7 -698|2 -704|5 -1125|5 -1137|2 -1138|2 -1490|7 -1657|3 -1672|7 -1674|7 -1676|7 -1685|3 -1742|5 -1754|2 -1755|2 -1788|7 -1865|5 -1987|2 -
179=54|3 -108|4 -1657|4 -
180=55|1 -97|1 -129|1 -717|1 -882|1 -
181=55|6 -1613|3 -
182=55|3 -320|3 -322|3 -486|4 -508|6 -592|3 -593|4 -594|4 -850|6 -1076|4 -1293|4 -1294|3 -
183=55|5 -
184=55|2 -72|5 -232|2 -
185=55|4 -297|4 -822|4 -
186=56|1 -
187=56|5 -69|4 -494|5 -722|4 -847|5 -879|4 -
188=56|3 -
189=56|4 -69|3 -494|4 -722|3 -847|4 -879|3 -
190=56|7 -
191=56|2 -
192=57|4 -98|3 -190|4 -252|5 -311|4 -802|5 -
193=57|5 -185|3 -225|4 -235|4 -311|5 -
194=57|2 -235|2 -
195=58|3 -197|7 -271|4 -
196=58|2 -96|6 -253|7 -
197=59|7 -61|9 -62|10 -1028|7 -1569|10 -1606|5 -
198=59|4 -60|3 -1558|4 -1563|4 -
199=59|2 -60|1 -1558|2 -1563|2 -
200=59|1 -83|1 -134|1 -628|1 -1238|1 -1490|9 -
201=59|6 -61|8 -62|9 -1569|9 -
202=59|5 -60|4 -63|2 -787|2 -788|3 -1204|5 -1558|5 -1563|5 -
203=59|3 -60|2 -619|3 -1252|3 -1558|3 -1563|3 -
204=60|5 -258|4 -395|3 -399|3 -406|3 -451|1 -705|5 -815|2 -1066|1 -1124|5 -1156|15 -1315|3 -1434|3 -1444|3 -1450|3 -1557|6 -1558|6 -1563|6 -1740|5 -1772|15 -1845|3 -1854|5 -1855|3 -1861|3 -
205=60|6 -1557|7 -1558|7 -1563|7 -
206=61|5 -62|6 -793|2 -794|4 -1557|3 -1569|6 -1668|5 -1671|5 -
207=61|3 -62|4 -1569|4 -
208=61|7 -62|8 -165|8 -793|4 -794|6 -1557|5 -1569|8 -1668|7 -1671|7 -
209=61|1 -62|2 -112|3 -246|1 -498|1 -843|1 -1569|2 -1662|3 -1691|7 -
210=61|2 -62|3 -1569|3 -
211=61|4 -62|5 -93|4 -793|1 -794|3 -1557|2 -1569|5 -1668|4 -1671|4 -
212=63|1 -
213=64|2 -
214=64|1 -680|2 -767|2 -947|2 -1171|4 -1172|3 -1173|2 -1788|2 -1918|2 -
215=66|1 -
216=66|4 -840|11 -
217=66|5 -
218=67|4 9 -72|6 -
219=67|7 -
220=67|2 -72|2 -165|2 -188|2 -301|2 -313|2 -320|2 -322|2 -348|2 -361|2 -495|2 -688|3 -845|2 -1018|3 -1990|3 -
221=67|5 -
222=67|6 -1005|2 -1977|2 -
223=67|1 -239|5 -313|1 -317|5 -348|1 -361|1 -479|3 -863|3 -
224=68|8 -95|3 -761|5 -954|5 -1539|7 -1927|5 -
225=68|2 -801|1 -
226=69|6 -110|2 -
227=69|2 -722|2 -879|2 -
228=69|1 -722|1 -879|1 -
229=70|1 -351|1 -429|2 -431|2 -1398|2 -1399|2 -1816|2 -1817|2 -
230=70|5 -566|3 -1043|3 -1368|7 -1529|6 -
231=70|2 -132|8 -162|8 -211|4 -450|3 -460|7 -620|9 -720|4 6 -880|4 6 -923|7 -1077|3 -1251|9 -1546|10 -1547|10 -1614|4 -1706|4 -1717|4 -
232=71|5 -86|5 -254|1 -330|3 -729|2 -797|3 -1009|2 -1981|2 -
233=71|1 -114|2 -138|1 -142|1 -
234=71|6 -86|6 -
235=71|4 -86|4 -
236=72|4 -569|2 -1324|2 -
237=72|1 -165|1 -188|1 -320|8 -322|8 -578|2 -1312|2 -1407|3 -1782|9 -1825|3 -
238=72|3 -
239=73|4 -
240=73|7 -108|5 -120|6 -141|4 -183|3 -704|6 -1125|6 -1742|6 -1865|6 -
241=73|8 -
242=74|2 -197|5 -225|2 -538|5 -1371|5 -
243=76|3 -
244=76|4 -
245=76|6 -
246=76|5 -112|10 -122|4 -126|7 -129|8 -179|4 -191|7 -197|8 -243|2 -246|2 -297|8 -312|4 -334|3 -352|6 -427|3 -487|3 -496|4 -505|5 -612|2 -615|6 -744|3 -754|3 -802|4 -811|3 -822|8 -854|3 -924|3 -966|3 -985|3 -1135|5 -1156|6 -1204|3 -1219|3 -1260|6 -1264|2 -1403|3 -1440|7 -1468|13 -1471|14 -1472|14 -1521|14 -1533|14 -1559|5 -1564|14 -1565|5 -1613|17 -1636|9 -1662|10 -1691|6 -1732|14 -1734|14 -1751|5 -1772|6 -1782|8 -1797|5 -1798|4 -1820|3 -1895|3 -1939|3 -1958|3 -1965|5 -
247=81|4 -1429|3 -
248=81|3 -1429|2 -
249=81|1 -
250=82|7 -157|1 -200|1 -271|1 -317|6 -401|5 -471|6 -472|7 -495|1 -699|3 -845|1 -868|7 -869|7 -902|4 -982|2 -1016|3 -1109|6 -1442|5 -1852|5 -1873|4 -1955|2 -1988|3 -
251=82|4 -223|3 -
252=82|1 -394|1 -804|8 -891|1 -1862|1 -
253=82|5 -
254=82|6 -
255=82|2 -
256=83|3 -134|3 -
257=83|4 -134|4 -
258=83|2 -134|2 -508|9 -850|9 -1375|2 -1812|2 -
259=83|6 -134|6 -1667|7 -
260=85|7 -315|8 -
261=85|9 -
262=85|10 -222|6 -227|5 -314|2 -474|2 -480|9 -739|4 -781|8 -862|9 -993|4 -1106|2 -1966|4 -
263=85|2 -
264=85|4 -
265=85|1 -
266=85|8 -
267=87|1 -
268=87|5 -101|3 -231|5 -242|2 -305|5 -680|4 -826|3 -830|5 -1171|6 -1172|5 -1173|4 -
269=87|2 -
270=89|2 -265|1 -361|4 -550|3 -564|8 -711|2 -743|2 -761|3 -954|3 -988|2 -1013|3 -1087|3 -1117|2 -1334|8 -1350|3 -1529|4 -1615|4 -1661|3 -1704|4 -1733|2 -1784|3 -1927|3 -1960|2 -1984|3 -
271=89|1 -358|1 -791|1 -798|2 -1656|2 -1661|2 -1664|2 -1688|2 -1698|2 -
272=90|1 -91|2 -
273=90|5 -91|6 -170|2 -171|3 -172|3 -1672|3 -1674|3 -1676|3 -
274=93|5 -
275=95|1 -
276=96|8 -97|11 -170|5 -171|6 -172|6 -251|2 -471|3 -472|4 -868|4 -869|4 -1109|3 -1672|6 -1674|6 -1676|6 -
277=96|9 -126|1 -137|4 -778|5 -
278=96|4 -
279=96|7 -
280=97|4 -222|1 -
281=97|10 -
282=97|5 -
283=97|12 -1219|2 -
284=97|2 -174|8 -332|2 6 -796|7 -799|8 -1024|2 -1027|2 -1675|8 -1677|8 -1995|2 -
285=97|7 -776|4 -1008|2 -1980|2 -
286=97|15 -
287=97|6 -
288=97|16 -
289=97|9 -
290=97|13 -591|4 -1295|4 -
291=98|1 -
292=98|4 -
293=98|6 -
294=98|5 -
295=99|4 -108|8 -180|1 -185|5 7 -236|1 -249|3 8 -288|3 -293|1 -311|7 -336|1 -620|16 -828|2 -834|7 -838|1 -1251|16 -
296=99|2 -108|6 -126|8 -179|7 -182|1 -206|2 -249|1 -288|2 -834|6 -
297=101|2 -826|2 -
298=101|4 -
299=101|1 -132|6 -162|6 -205|3 -220|3 -231|3 -250|3 -261|3 -289|3 -299|1 -305|3 -425|7 -456|2 -457|2 -741|1 -749|3 -752|3 -775|2 -826|1 -830|7 -967|2 -968|3 -971|3 -987|1 -989|2 -1001|2 -1056|2 -1405|7 -1458|2 -1479|5 -1482|5 -1495|2 -1517|2 -1528|2 -1561|2 -1823|7 -1940|3 -1944|3 -1961|1 -
300=102|1 -342|3 -
301=102|7 -
302=102|6 -
303=102|3 -
304=105|5 -
305=105|3 -1081|5 -1085|5 -
306=105|1 -
307=105|2 -
308=106|8 -110|8 -114|8 -132|11 -1781|4 -
309=106|2 -
310=107|1 -612|1 -1133|2 -1264|1 -1619|2 -1749|2 -1792|2 -1943|2 -
311=108|10 -840|7 -
312=108|9 -840|6 -
313=109|3 -151|10 -180|4 -249|2 -563|4 -620|11 -703|1 -705|2 -720|7 -803|2 -840|8 -880|7 -1028|5 -1053|3 -1058|3 -1111|2 -1124|2 -1126|1 -1251|11 -1335|4 -1502|5 -1689|2 -1740|2 -1743|1 -1789|3 -1854|2 -1876|1 -1920|2 -
314=109|4 -
315=109|2 -
316=109|1 -
317=112|8 -135|4 -162|11 -261|6 -1662|8 -
318=112|6 -312|10 -321|3 -1662|6 -1781|2 -
319=112|4 -246|5 -696|4 -1140|5 -1141|4 -1566|5 -1662|4 -1757|5 -1758|4 -
320=112|13 -173|6 -182|7 -1662|13 -
321=113|4 -801|4 -
322=113|6 -509|11 -801|6 -830|3 -841|11 -
323=114|3 -
324=115|2 -263|2 -264|2 -316|2 -331|2 -354|2 -355|2 -768|2 -944|2 -1916|2 -
325=115|7 -
326=115|6 -
327=116|3 -778|3 -
328=116|7 -
329=116|5 -
330=117|1 -
331=117|2 -
332=117|3 -272|2 -790|1 -1451|3 -1680|2 -
333=118|6 -220|6 -
334=118|1 -203|2 -294|2 -508|5 -850|5 -1105|2 -
335=119|1 -152|1 -224|1 -292|1 -339|1 -814|1 -916|7 -1069|3 -1888|7 -
336=120|5 -246|3 -754|5 -966|5 -1493|6 -1691|5 -1939|5 -
337=120|3 -268|2 -
338=120|1 -
339=120|4 -
340=121|3 -222|8 -383|5 -388|6 -792|2 -898|6 -904|5 -1365|4 -1663|3 -1665|3 -1666|3 -1870|6 -1875|5 -
341=121|2 -792|1 -807|1 -1476|12 -1663|2 -1665|2 -1666|2 -1687|2 -
342=122|9 -151|5 -
343=122|1 -
344=122|11 -151|7 -226|3 -
345=122|3 -
346=122|6 -151|2 -1476|5 -
347=122|5 -151|1 -253|8 -
348=122|12 -151|8 -
349=122|8 -151|4 -239|3 -281|2 -315|10 -1476|10 -
350=126|6 -
351=126|11 -
352=126|4 -
353=126|5 -
354=126|3 -
355=129|7 -
356=129|6 -
357=129|9 -
358=129|4 -
359=129|2 -310|2 -338|2 -480|12 -481|4 -778|6 -860|4 -862|12 -1613|9 -
360=132|3 -162|3 -1546|9 -1547|9 -
361=132|2 -162|2 -1546|5 -1547|5 -
362=132|1 -162|1 -228|3 -233|1 -244|1 -246|7 -445|1 -1198|1 -1691|2 -
363=132|7 -162|7 -218|2 4 -243|3 5 -655|3 -676|3 -749|4 -752|4 -968|4 -971|4 -1073|2 4 -1179|3 -1205|3 -1304|4 -1479|7 -1482|7 -1576|6 -1940|4 -1944|4 -
364=133|1 -
365=133|3 -1051|7 -1493|10 -1631|4 -1638|4 -
366=133|6 -
367=135|1 -174|2 -258|2 -350|1 -796|1 -799|2 -1097|3 -1675|2 -1677|2 -
368=137|3 -513|1 -1067|1 -
369=137|5 -180|3 -183|4 -550|4 -1350|4 -1439|3 -1789|2 -1850|3 -
370=137|1 -
371=137|6 -778|9 -1051|3 -
372=138|6 -
373=138|5 -
374=138|4 -
375=138|2 -801|2 -
376=139|6 -
377=139|4 -
378=141|6 -159|1 -
379=141|5 -513|2 -1067|2 -
380=141|1 -
381=141|3 -
382=141|7 -
383=142|4 -
384=142|5 -
385=144|7 -
386=144|4 -256|3 -317|2 -
387=144|6 -1793|2 -
388=144|2 -1493|4 -
389=144|5 -256|4 -
390=144|1 -
391=146|2 -1625|2 -1626|2 -
392=147|1 -
393=147|2 -170|7 -171|8 -172|8 -698|3 -1137|3 -1138|3 -1490|8 -1672|8 -1674|8 -1676|8 -1754|3 -1755|3 -1987|3 -
394=149|3 -507|3 -861|3 -1720|2 -
395=149|2 -
396=150|1 -
397=151|12 -265|4 -
398=151|9 -
399=152|2 -224|2 -243|6 -292|2 -339|2 -569|4 -585|2 -814|2 -901|3 -1302|2 -1324|4 -
400=152|3 -224|3 -292|3 -339|3 -814|3 -
401=154|3 -
402=155|1 -
403=157|6 -
404=157|4 -186|1 -320|5 -322|5 -493|4 -849|4 -
405=157|2 -200|2 -271|2 -1249|2 -
406=157|3 -
407=157|5 -195|3 -493|7 -849|7 -1105|6 -1453|5 -
408=158|6 -620|20 -669|2 -670|2 -1188|2 -1189|2 -1251|20 -
409=158|5 -236|7 -311|9 -1425|4 -1811|4 -
410=158|4 -
411=158|7 -703|4 -1111|5 -1126|4 -1476|11 -1689|5 -1743|4 -1876|4 -1920|5 -
412=158|1 -401|1 -1442|1 -1852|1 -
413=158|2 -
414=158|8 -
415=159|4 -
416=159|3 -311|2 -
417=164|2 -330|2 -416|1 -433|8 -456|3 -457|3 -471|5 -472|6 -482|8 -484|8 -510|4 -556|7 -576|6 -581|6 -591|2 -615|7 -655|2 -666|2 -676|2 -677|3 -699|1 -709|5 -712|5 -740|1 -746|2 -754|6 -766|1 -797|2 -856|9 -858|9 -859|8 -868|6 -869|6 -902|3 -949|1 -966|6 -967|3 -976|2 -989|3 -990|1 -1000|8 -1001|3 -1016|1 -1021|3 -1022|2 -1056|3 -1072|4 -1109|5 -1116|5 -1118|5 -1179|2 -1205|2 -1260|7 -1295|2 -1308|6 -1313|6 -1342|7 -1386|8 -1396|9 -1417|2 -1419|1 -1458|3 -1471|5 -1472|5 -1479|6 -1482|6 -1492|3 -1494|3 -1500|4 -1501|4 -1521|5 -1533|5 -1537|7 -1564|5 -1576|5 -1732|5 -1734|5 -1788|6 -1813|8 -1814|9 -1833|2 -1835|1 -1873|3 -1922|1 -1939|6 -1949|2 -1962|1 -1988|1 -1993|3 -1994|2 -
418=164|3 -260|2 -416|2 -460|3 -620|7 -923|3 -1251|7 -1419|2 -1546|6 -1547|6 -1835|2 -
419=164|4 -
420=165|7 -
421=165|3 -
422=165|5 -
423=165|6 -
424=165|4 -
425=166|2 -1084|5 -
426=166|1 -205|4 -220|4 -250|4 -261|4 -289|4 -427|1 -939|4 -1403|1 -1446|2 -1820|1 -1858|2 -1911|4 -
427=166|3 -
428=167|2 -
429=167|4 -199|5 -205|5 -220|5 -231|7 -250|5 -261|5 -289|5 -305|7 -335|7 -460|9 -566|4 -747|4 -830|9 -923|9 -975|4 -1043|4 -1494|7 -1948|4 -
430=169|2 -276|2 -287|1 -303|1 -572|4 -713|2 -833|1 -917|4 -1115|2 -1322|4 -1729|2 -1731|2 -1889|4 -
431=169|5 -395|4 -399|4 -406|4 -458|3 -604|2 -609|3 -614|3 -815|6 -956|4 -978|3 -1261|3 -1267|3 -1275|3 -1278|2 -1385|4 -1434|4 -1444|4 -1450|4 -1780|2 -1845|4 -1855|4 -1861|4 -
432=169|4 -630|2 -650|9 -1211|9 -1235|2 -
433=170|4 -171|5 -172|5 -1672|5 -1674|5 -1676|5 -
434=174|3 -796|2 -799|3 -1568|3 -1675|3 -1677|3 -
435=174|5 -350|3 -796|4 -799|5 -821|2 -1508|2 -1509|2 -1513|2 -1568|6 -1609|2 -1675|5 -1677|5 -
436=174|4 -365|2 -480|2 -796|3 -799|4 -862|2 -933|2 -1559|9 -1565|9 -1566|2 -1568|4 -1675|4 -1677|4 -1905|2 -
437=175|2 -691|2 -736|3 -984|4 -998|3 -1153|2 -1157|2 -1770|2 -1773|2 -1957|4 -1971|3 -
438=177|1 -
439=177|2 -
440=177|3 -
441=178|5 -450|6 -1077|6 -
442=178|4 -246|8 -293|4 -312|11 -319|3 -321|4 -460|2 -507|5 -508|1 -509|1 -777|4 -838|4 -841|1 -850|1 -861|5 -923|2 -
443=179|11 -
444=179|8 -
445=179|1 -253|1 -281|1 -290|1 -315|1 -776|1 -781|1 -
446=179|2 -676|4 -1179|4 -
447=179|3 -206|11 -506|3 -872|3 -
448=179|5 -
449=180|6 -1789|5 -
450=180|7 -1789|6 -
451=180|2 -
452=182|10 -
453=182|11 -1292|3 -
454=182|8 -720|8 -880|8 -
455=182|2 -
456=182|5 -
457=182|4 -
458=183|5 -460|11 -550|6 -761|6 -923|11 -954|6 -1019|4 -1350|6 -1927|6 -1991|4 -
459=183|1 -
460=184|2 -688|2 -1018|2 -1545|2 -1568|7 -1990|2 -
461=184|4 -
462=185|6 -293|2 -838|2 -
463=185|4 -249|6 -
464=185|2 -781|6 -
465=185|8 -
466=186|7 -
467=186|8 -
468=186|5 -
469=186|3 -828|5 -
470=186|2 -
471=187|2 -674|2 -827|3 -1183|2 -1588|3 -
472=187|4 -313|6 -
473=187|3 -467|18 -1035|5 -1038|5 -1061|3 -1400|18 -
474=188|3 -
475=188|6 -320|6 -322|6 -
476=188|4 -
477=190|3 -
478=190|5 -
479=190|1 -
480=191|8 -
481=191|6 -386|4 -1094|4 -
482=191|1 -781|2 -783|6 -784|6 -
483=191|3 -
484=191|5 -
485=191|4 -
486=191|2 -
487=194|5 -
488=194|4 -
489=195|7 -
490=195|2 -
491=195|5 -
492=195|4 -
493=197|9 -
494=197|2 -
495=197|3 -281|5 -
496=198|6 -310|10 -329|8 -766|4 -949|4 -1089|2 -1922|4 -
497=198|5 -364|1 -565|4 -659|5 -738|4 -994|4 -1098|1 -1199|5 -1330|5 -1333|4 -1354|2 -1535|5 -1536|5 -1967|4 -
498=198|2 -
499=198|3 -
500=199|6 -205|6 -323|7 -
501=200|3 -
502=200|4 -
503=200|5 -
504=201|4 -312|8 -1705|4 -1721|4 -
505=201|3 -829|2 -1705|3 -1721|3 -1730|2 -
506=202|1 -
507=203|6 -
508=203|7 9 -
509=203|10 -
510=203|4 -1440|11 -
511=204|1 -207|2 -
512=205|1 -220|1 -231|1 -250|1 -261|1 -289|1 -305|1 -
513=206|6 -
514=206|8 -486|7 -1076|7 -1354|7 -
515=206|4 -
516=207|3 -981|5 -1953|5 -
517=208|2 -500|5 -888|5 -
518=208|1 -
519=208|3 -729|1 -1009|1 -1084|4 -1981|1 -
520=209|4 -249|5 -429|3 -431|3 -1270|3 -1274|3 -1315|7 -1398|3 -1399|3 -1622|9 -1816|3 -1817|3 -
521=209|2 -
522=209|3 -1407|4 -1636|10 -1825|4 -
523=211|3 -1584|4 -1706|3 -1717|3 -
524=211|5 -1706|5 -1717|5 -
525=211|2 -1706|2 -1717|2 -
526=212|1 -219|1 -257|2 -
527=215|6 -298|6 -1156|5 9 -1772|5 9 -
528=218|5 -352|10 -445|3 -460|6 -620|8 -923|6 -1198|3 -1251|8 -1539|5 -
529=222|5 -
530=222|4 -315|6 -337|7 -1545|7 -
531=222|10 -
532=222|3 -809|2 -1414|2 -
533=222|9 -
534=223|5 -
535=223|1 -
536=223|7 -
537=225|5 -315|4 -
538=225|3 -
539=226|1 -
540=227|7 -
541=227|2 -
542=227|1 -
543=227|6 -
544=231|8 -244|2 -250|6 -
545=231|6 -305|6 -441|3 -463|3 -1079|3 -1080|3 -1082|3 -
546=231|4 -305|4 -
547=233|3 -
548=233|4 -
549=233|5 -
550=236|6 -
551=236|2 -
552=236|3 -
553=236|5 -
554=237|1 -
555=239|6 -
556=239|9 -314|4 -340|6 -393|1 -892|1 -1502|9 -1863|1 -
557=239|2 -492|5 -549|3 -851|5 -1351|3 -
558=239|1 -
559=242|1 -
560=242|3 -1613|19 -
561=243|1 -
562=249|10 -
563=249|9 -
564=249|4 -665|6 -781|4 -821|8 -1425|3 -1634|4 -1635|4 -1636|4 -1801|6 -1811|3 -
565=251|3 -
566=251|1 -
567=252|1 -
568=252|4 -
569=252|8 -748|1 -974|1 -1364|2 -1806|2 -1947|1 -
570=252|3 -341|1 -
571=252|6 -
572=252|9 -
573=252|7 -
574=253|6 -1576|2 -
575=253|2 -
576=253|5 -315|2 -337|1 -
577=254|3 -348|5 -1256|4 -1259|4 -
578=254|2 -330|4 -729|3 -797|4 -1009|3 -1981|3 -
579=256|6 -
580=256|5 -
581=256|1 -
582=260|1 -
583=263|7 -644|3 -1222|3 -
584=263|8 -
585=263|6 -
586=264|7 -
587=264|6 -
588=265|3 -
589=266|2 -267|1 -
590=268|5 -
591=268|1 -
592=268|3 -564|1 -613|2 -1262|3 -1263|2 -1334|1 -1544|2 -
593=270|2 -300|1 -836|1 -1562|2 -
594=271|6 -
595=271|5 -
596=272|4 -422|1 -423|1 -455|6 -482|4 -484|4 -619|1 -856|5 -858|5 -859|4 -875|6 -1000|4 -1012|2 -1237|2 -1252|1 -1329|4 -1409|1 -1411|1 -1451|5 -1827|1 -1828|1 -
597=272|1 -538|7 -1371|7 -1451|2 -1493|9 -
598=272|5 -1451|6 -
599=273|2 -
600=273|1 -
601=274|3 -285|4 -1648|2 -1667|2 -
602=274|2 -285|3 -420|2 -421|2 -437|2 -1298|2 -1413|2 -1416|2 -1829|2 -1830|2 -
603=274|1 -285|2 -
604=274|4 -285|5 -
605=274|5 -285|6 -
606=275|1 -
607=281|8 -429|5 -431|5 -1152|2 -1398|5 -1399|5 -1476|2 -1769|2 -1816|5 -1817|5 -
608=281|4 -
609=281|7 -
610=281|6 -342|2 -776|5 -
611=286|1 -1669|2 -
612=286|2 -576|8 -581|8 -1308|8 -1313|8 -1669|3 -
613=288|9 -725|3 -834|13 -876|3 -
614=288|4 -834|8 -
615=288|7 -834|11 -
616=288|6 -834|10 -
617=288|8 -834|12 -
618=289|6 -305|8 -620|12 -830|10 -1060|5 -1251|12 -1546|13 -1547|13 -
619=290|6 -781|5 -1407|2 -1788|4 -1825|2 -
620=290|4 -821|7 -1782|7 -
621=290|5 -781|7 -
622=290|2 -
623=290|9 -
624=290|8 -
625=290|3 -
626=293|5 -838|5 -
627=293|3 -495|5 -838|3 -845|5 -
628=294|8 -
629=294|7 -
630=294|3 -
631=294|6 -309|2 -328|2 -1684|2 -
632=297|9 -822|9 -
633=297|2 -822|2 -
634=297|7 -822|7 -
635=297|6 -822|6 -
636=297|5 -822|5 -1566|4 -
637=299|3 -475|3 -577|3 -1041|3 -1078|3 -1495|5 -
638=301|3 -
639=301|4 -
640=301|5 -
641=306|2 -
642=306|1 -1568|5 -1613|13 -1726|2 -
643=307|1 -784|3 -837|1 -1580|5 -
644=308|4 -1135|12 -1751|12 -1965|12 -
645=308|2 -522|2 -724|1 -877|1 -1796|2 -
646=309|3 -328|3 -1684|3 -
647=310|9 -329|7 -
648=310|4 -329|2 -995|5 -1968|5 -
649=310|6 -329|4 -689|2 -1159|2 -1776|2 -
650=310|8 -329|6 -
651=311|8 -336|3 -
652=312|5 -
653=312|2 -
654=312|1 -
655=312|3 7 -
656=312|6 -1503|3 -
657=312|12 -460|10 -483|7 -857|7 -923|10 -
658=312|9 -
659=313|4 -665|4 -782|5 -1801|4 -
660=314|3 -
661=315|9 -
662=315|12 -
663=315|11 -
664=316|6 -
665=316|7 -
666=317|1 -
667=320|4 -322|4 -769|9 -943|9 -1915|9 -
668=320|7 -322|7 -
669=320|10 -322|10 -
670=321|5 -
671=323|4 -
672=323|6 -483|5 -492|4 -851|4 -857|5 -
673=324|10 -
674=324|5 -
675=324|3 -
676=324|2 -
677=324|4 -
678=324|7 -1191|5 -
679=326|2 -498|3 -843|3 -
680=326|3 -
681=327|2 -
682=327|4 -
683=331|6 -1559|4 -1565|4 -
684=331|7 -
685=332|7 -
686=332|5 -585|7 -1302|7 -
687=332|3 -
688=333|1 -
689=333|2 -
690=333|3 -
691=334|4 -
692=334|6 -
693=334|1 -
694=334|2 -
695=334|8 -790|3 -827|5 -1204|4 -1440|14 -1680|4 -1789|7 -
696=334|5 -827|1 -
697=335|5 -
698=335|6 -
699=335|8 -
700=335|3 -
701=335|1 -
702=335|4 -
703=336|4 -
704=337|3 -
705=337|8 -
706=337|5 -1615|6 -
707=337|4 -
708=338|6 -
709=338|1 -
710=340|5 -
711=340|2 -
712=340|1 -
713=340|4 -
714=341|2 -
715=341|4 -
716=342|6 -1490|14 -
717=342|4 -
718=343|5 -
719=345|2 -
720=345|5 -
721=346|3 -550|2 -1350|2 -1526|2 -1551|2 -1629|2 -1630|2 -1790|2 -
722=346|1 -
723=346|2 -547|3 -1356|3 -
724=346|5 -
725=346|4 -
726=347|1 -
727=348|4 -
728=348|7 -
729=348|3 -
730=348|6 -
731=348|9 -
732=348|8 -
733=349|1 -
734=352|8 -
735=352|7 -1291|2 -
736=352|9 -545|2 -1358|2 -
737=352|5 -
738=352|1 -828|6 -
739=352|2 -
740=354|6 -355|6 -
741=354|7 -355|7 -
742=356|1 -
743=356|3 -787|1 -788|2 -
744=356|2 -
745=357|2 -1651|2 -
746=357|3 -
747=357|1 -
748=358|2 -1574|4 -1656|3 -
749=358|3 -791|2 -798|3 -1656|4 -1664|3 -1688|3 -1698|3 -
750=360|8 -1250|3 -1593|4 -1624|4 -
751=360|6 -
752=360|3 -1042|2 -1244|2 -
753=360|5 -1476|9 -1634|7 -1635|7 -1636|7 -
754=360|7 -1291|3 -1317|2 -1318|2 -
755=360|4 -
756=360|1 -
757=360|2 -
758=361|3 -
759=365|3 -933|3 -1905|3 -
760=366|1 -367|1 -368|1 -493|2 -576|7 -581|7 -611|1 -808|1 -849|2 -928|1 -929|1 -930|1 -1266|1 -1308|7 -1313|7 -1900|1 -1901|1 -1902|1 -
761=368|2 -928|2 -1900|2 -
762=377|2 -447|1 -450|2 -464|2 -539|2 -616|2 -761|2 -804|6 -873|2 -913|2 -954|2 -1077|2 -1143|1 -1258|2 -1370|2 -1884|2 -1927|2 -
763=383|6 -388|7 -393|3 -572|3 -744|1 -892|3 -898|7 -904|6 -977|2 -985|1 -1322|3 -1863|3 -1870|7 -1875|6 -1950|2 -1958|1 -
764=383|9 -388|10 -393|6 -717|6 -882|6 -892|6 -898|10 -904|9 -1150|5 -1502|4 -1767|5 -1863|6 -1870|10 -1875|9 -
765=383|8 -388|9 -393|5 -744|4 -892|5 -898|9 -904|8 -985|4 -1863|5 -1870|9 -1875|8 -1958|4 -
766=383|1 -388|2 -898|2 -904|1 -1870|2 -1875|1 -
767=383|3 -388|4 -898|4 -904|3 -1084|6 -1613|15 -1870|4 -1875|3 -
768=383|7 -388|8 -393|4 -615|3 -744|2 -892|4 -898|8 -904|7 -977|3 -985|2 -1097|4 -1260|3 -1793|7 -1863|4 -1870|8 -1875|7 -1950|3 -1958|2 -
769=383|4 -388|5 -898|5 -904|4 -1870|5 -1875|4 -
770=385|1 -900|1 -1872|1 -
771=386|2 -1094|2 -
772=390|1 -895|1 -1867|1 -
773=393|2 -892|2 -1863|2 -
774=394|2 -459|2 -891|2 -934|2 -1862|2 -
775=395|2 -399|2 -406|2 -1434|2 -1444|2 -1450|2 -1845|2 -1855|2 -1861|2 -
776=395|1 -399|1 -406|1 -426|1 -1404|1 -1434|1 -1444|1 -1450|1 -1822|1 -1845|1 -1855|1 -1861|1 -
777=396|1 -617|1 -629|1 -644|1 -1222|1 -1236|1 -1257|1 -1448|2 -1449|1 -1859|2 -1860|1 -
778=396|2 -1449|2 -1860|2 -
779=396|3 -1449|3 -1860|3 -
780=397|1 -1093|1 -
781=401|2 -429|6 -431|6 -518|2 -519|2 -655|4 -689|3 -762|3 -1055|2 -1057|2 -1159|3 -1178|4 -1205|4 -1398|6 -1399|6 -1442|2 -1476|13 -1776|3 -1816|6 -1817|6 -1852|2 -
782=401|4 -1442|4 -1539|2 -1852|4 -
783=415|1 -1408|5 -1420|1 -1826|5 -1836|1 -
784=416|4 -754|7 -775|3 -966|7 -1419|4 -1517|3 -1528|3 -1561|3 -1835|4 -1939|7 -
785=416|3 -1419|3 -1835|3 -
786=420|1 -421|1 -437|1 -1298|1 -1413|1 -1416|1 -1829|1 -1830|1 -
787=422|3 -423|3 -1409|3 -1411|3 -1827|3 -1828|3 -
788=422|2 -423|2 -1409|2 -1411|2 -1827|2 -1828|2 -
789=425|4 -1405|4 -1823|4 -
790=425|3 -486|1 -740|2 -990|2 -1076|1 -1136|4 -1405|3 -1480|3 -1753|4 -1823|3 -1962|2 -1976|4 -
791=427|4 -1403|4 -1820|4 -
792=427|2 -1403|2 -1467|7 -1537|5 -1580|12 -1820|2 -
793=429|1 -431|1 -1398|1 -1399|1 -1816|1 -1817|1 -
794=433|7 -1386|7 -1396|8 -1813|7 -1814|8 -
795=433|3 -1386|3 -1396|4 -1763|3 -1774|3 -1813|3 -1814|4 -
796=433|10 -1386|10 -1396|11 -1813|10 -1814|11 -
797=433|6 -1386|6 -1396|7 -1813|6 -1814|7 -
798=433|2 -460|4 -620|5 -923|4 -1251|5 -1386|2 -1396|3 -1545|3 -1546|7 -1547|7 -1813|2 -1814|3 -
799=441|2 -463|2 -1079|2 -1080|2 -1082|2 -
800=441|4 -463|4 -1079|4 -1080|4 -1082|4 -
801=444|3 -1209|3 -
802=444|1 -1209|1 -
803=444|2 -1209|2 -
804=445|2 -1198|2 -
805=448|1 -1045|2 -1099|2 -1110|1 -
806=450|5 -1077|5 -
807=451|5 -1066|5 -
808=451|4 -1066|4 -
809=451|2 -1066|2 -
810=451|6 -1066|6 -
811=452|2 -1799|2 -
812=453|4 -1034|4 -1327|2 -
813=453|2 -1034|2 -1217|3 -
814=455|2 -621|1 -632|1 -875|2 -1031|1 -1032|1 -
815=455|1 -875|1 -
816=455|7 -619|2 -875|7 -1012|3 -1237|3 -1252|2 -1329|5 -
817=455|3 -875|3 -
818=458|2 -956|3 -978|2 -1385|3 -
819=458|1 -462|1 -567|2 -609|1 -614|1 -874|1 -956|2 -978|1 -1261|1 -1267|1 -1328|2 -1361|2 -1369|2 -1385|2 -
820=459|1 -934|1 -
821=464|4 -539|4 -812|5 -873|4 -1370|4 -
822=464|3 -539|3 -873|3 -1370|3 -
823=465|1 -890|1 -1458|4 -
824=467|21 -1255|3 -1400|21 -
825=467|20 -1400|20 -
826=467|8 -1400|8 -
827=467|26 -1400|26 -
828=467|28 -1400|28 -
829=467|10 -1400|10 -
830=467|16 29 -1400|16 29 -
831=467|6 -1400|6 -
832=467|7 -1400|7 -
833=467|1 11 22 -1400|1 11 22 -
834=467|12 23 -1400|12 23 -
835=467|17 -1400|17 -
836=467|24 -1400|24 -
837=467|13 -1400|13 -
838=467|27 -1400|27 -
839=467|25 -1400|25 -
840=467|9 -1400|9 -
841=467|2 -1400|2 -
842=467|14 -1400|14 -
843=467|19 -1400|19 -
844=467|3 -1400|3 -
845=467|4 -1400|4 -
846=467|15 -1400|15 -
847=468|2 -766|3 -871|2 -949|3 -1922|3 -
848=471|1 -472|2 -868|2 -869|2 -1109|1 -
849=471|4 -472|5 -510|2 -549|1 -550|1 -591|1 -595|3 -611|2 -711|1 -713|1 -868|5 -869|5 -1072|2 -1109|4 -1115|1 -1117|1 -1266|2 -1290|3 -1295|1 -1350|1 -1351|1 -1492|2 -1494|2 -1580|15 -1731|1 -1733|1 -1784|2 -
850=471|2 -472|3 -578|3 -868|3 -869|3 -1109|2 -1312|3 -
851=473|6 -478|6 -485|6 -488|6 -497|6 -501|6 -844|6 -853|6 -855|6 -864|6 -867|6 -887|6 -955|7 -973|7 -1928|7 -1946|7 -
852=473|4 -478|4 -485|4 -488|4 -497|4 -501|4 -844|4 -853|4 -855|4 -864|4 -867|4 -887|4 -955|5 -973|5 -1928|5 -1946|5 -
853=473|5 -478|5 -485|5 -488|5 -497|5 -501|5 -510|5 -844|5 -853|5 -855|5 -864|5 -867|5 -887|5 -955|6 -973|6 -1072|5 -1928|6 -1946|6 -
854=474|1 -1106|1 -
855=474|5 -1106|5 -
856=476|3 -493|9 -849|9 -866|3 -1156|12 -1300|3 -1772|12 -
857=476|2 -589|2 -612|4 -645|3 -866|2 -1144|3 -1156|11 -1160|4 -1161|3 -1164|3 -1218|3 -1240|3 -1241|3 -1264|4 -1297|2 -1300|2 -1321|3 -1457|3 -1489|3 -1491|4 -1760|3 -1772|11 -1777|4 -1791|3 -
858=479|1 -863|1 -
859=480|6 -862|6 -
860=480|3 -862|3 -
861=480|10 -862|10 -
862=480|8 -862|8 -
863=480|11 -862|11 -
864=480|5 -862|5 -
865=480|7 -862|7 -
866=480|1 -862|1 -
867=481|3 -860|3 -
868=481|1 -860|1 -
869=481|5 -860|5 -
870=481|8 -860|8 -
871=481|2 -860|2 -1410|3 -
872=481|7 -860|7 -
873=482|2 -484|2 -556|2 -856|3 -858|3 -859|2 -1000|2 -1315|4 -1342|2 -
874=482|5 -484|5 -856|6 -858|6 -859|5 -1000|5 -
875=482|10 -484|10 -856|11 -858|11 -859|10 -1000|10 -
876=483|3 -857|3 -
877=483|4 6 -857|4 6 -1074|2 -
878=483|2 -717|4 -857|2 -882|4 -1502|3 -
879=486|3 -1076|3 -
880=486|6 -1076|6 -1354|6 -
881=487|1 -854|1 -
882=487|2 -854|2 -
883=487|4 -854|4 -
884=487|5 -854|5 -
885=487|7 -854|7 -
886=492|6 -507|6 -509|3 -808|3 -841|3 -851|6 -861|6 -1493|13 -
887=493|6 -849|6 -
888=493|5 -849|5 -
889=493|1 -849|1 -
890=493|3 -849|3 -
891=493|8 -849|8 -
892=493|10 -849|10 -
893=493|11 -849|11 -
894=494|2 -847|2 -
895=494|1 -847|1 -
896=494|3 -847|3 -
897=495|7 -845|7 -1028|6 -1614|6 -
898=495|8 -747|3 -750|3 -761|4 -845|8 -954|4 -970|3 -975|3 -1529|5 -1927|4 -1942|3 -1948|3 -
899=495|3 -845|3 -
900=495|6 -845|6 -
901=495|4 -845|4 -
902=496|1 -505|2 -1797|2 -1798|1 -
903=496|3 -505|4 -1797|4 -1798|3 -
904=496|5 -505|6 -1797|6 -1798|5 -
905=498|5 -843|5 -
906=500|1 -502|1 -524|1 -578|1 -886|1 -888|1 -1312|1 -1395|1 -1634|2 -1635|2 -1636|2 -
907=500|4 -888|4 -
908=500|3 -502|3 -524|3 -886|3 -888|3 -1395|3 -
909=500|2 -502|2 -524|2 -886|2 -888|2 -1395|2 -
910=504|9 -883|9 -1384|10 -
911=504|8 -883|8 -1384|9 -
912=506|5 -872|5 -
913=506|1 -872|1 -
914=507|4 -509|2 -550|5 -841|2 -861|4 -1111|7 -1350|5 -1689|7 -1920|7 -
915=508|8 -850|8 -
916=508|3 -850|3 -
917=508|4 -850|4 -
918=509|4 -841|4 -
919=509|6 -841|6 -
920=509|10 -841|10 -
921=509|5 -841|5 -
922=509|8 -841|8 -
923=510|3 -1072|3 -
924=510|6 -1012|4 -1072|6 -
925=510|1 -1072|1 -
926=513|8 -1067|8 -
927=513|5 -1067|5 -
928=513|7 -1067|7 -
929=513|3 -1067|3 -
930=514|3 -1064|3 -
931=516|3 -732|3 -1800|3 -1803|3 -
932=516|2 -732|2 -1800|2 -1803|2 -
933=518|1 -519|1 -1055|1 -1057|1 -
934=522|3 -1796|3 -
935=522|4 -757|3 -961|3 -1796|4 -1934|3 -
936=522|1 -1796|1 -
937=533|1 -544|1 -1044|2 -1047|1 -1049|1 -
938=538|4 -1371|4 -
939=538|3 -585|1 -1302|1 -1371|3 -
940=538|9 -1371|9 -
941=545|1 -1358|1 -
942=547|5 -1356|5 -
943=547|1 -1356|1 -
944=547|4 -628|4 -1238|4 -1356|4 -
945=548|1 -563|1 -717|5 -882|5 -1130|2 -1147|2 -1149|2 -1335|1 -1353|2 -1355|1 -1360|2 -1502|2 -1527|5 -1747|2 -1764|2 -1766|2 -1921|2 -
946=548|2 -1353|3 -1355|2 -
947=549|2 -1351|2 -
948=556|4 -1342|4 -
949=560|7 -1339|7 -
950=560|2 -902|6 -1339|2 -1580|8 -1873|6 -
951=560|6 -1339|6 -
952=560|8 -1339|8 -
953=560|4 -1339|4 -
954=562|2 -1337|2 -
955=562|1 -1337|1 -
956=563|5 -566|5 -1043|5 -1335|5 -
957=563|2 -1335|2 -
958=563|3 -1051|8 -1335|3 -
959=564|6 -1334|6 -
960=564|7 -1334|7 -
961=564|3 -1334|3 -
962=564|4 -1334|4 -
963=566|2 -620|3 -1043|2 -1251|3 -
964=566|1 -1043|1 -
965=566|6 -1043|6 -
966=568|2 -828|3 -1326|2 -1701|3 -
967=568|3 -1307|3 -1326|3 -1468|6 -1726|4 -
968=569|1 -572|7 -1322|7 -1324|1 -
969=569|3 -572|8 -1322|8 -1324|3 -
970=572|11 -1322|11 -
971=572|6 -1322|6 -
972=572|1 -1322|1 -
973=576|3 -581|3 -1307|5 -1308|3 -1313|3 -
974=576|2 9 -581|2 9 -738|2 -994|2 -1307|4 -1308|2 9 -1313|2 9 -1967|2 -
975=576|5 -581|5 -1307|2 -1308|5 -1313|5 -
976=577|4 -643|4 -654|4 -741|4 -987|4 -1025|4 -1026|4 -1041|4 -1961|4 -
977=584|1 -1303|1 -
978=585|3 -1040|3 -1302|3 -
979=585|5 -783|5 -1302|5 -
980=585|9 -1051|4 -1302|9 -
981=585|6 -1302|6 -
982=591|3 -682|2 -1169|2 -1295|3 -
983=592|1 -593|2 -594|2 -1293|2 -1294|1 -
984=592|4 -593|5 -594|5 -1293|5 -1294|4 -
985=592|2 -593|3 -594|3 -1293|3 -1294|2 -
986=595|1 -1290|1 -
987=604|1 -1275|2 -1278|1 -
988=609|2 -614|2 -1261|2 -1267|2 -
989=611|4 -1266|4 -
990=615|2 -1260|2 -
991=615|1 -1260|1 -
992=616|5 -783|4 -784|4 -1083|2 -1258|5 -
993=617|2 -629|3 -1236|3 -1257|2 -
994=619|4 -754|1 -922|4 -966|1 -1252|4 -1480|4 -1894|4 -1939|1 -
995=620|14 -1251|14 -
996=620|4 -1251|4 -
997=620|18 -1251|18 -
998=620|19 -1251|19 -
999=621|3 -632|3 -1031|3 -1032|3 -1292|4 -
1000=621|2 -632|2 -1031|2 -1032|2 -
1001=625|3 -1245|3 -
1002=625|2 -1245|2 -
1003=628|3 -1238|3 -
1004=628|5 -1238|5 -
1005=628|2 -1238|2 -
1006=629|2 -1236|2 -
1007=630|1 -650|8 -1211|8 -1235|1 -
1008=635|4 -1230|4 -
1009=635|3 -1230|3 -
1010=636|4 -640|4 -652|2 -1207|2 -1210|2 -1213|2 -1225|4 -1229|4 -
1011=636|3 -640|3 -1225|3 -1229|3 -
1012=643|3 -654|3 -1025|3 -1026|3 -1511|4 -1515|4 -
1013=644|2 -1222|2 -
1014=645|4 -1218|4 -
1015=645|1 -1218|1 -
1016=655|1 -1205|1 -1614|2 -
1017=665|3 -1801|3 -
1018=665|2 -1801|2 -
1019=666|1 -677|2 -1021|2 -1022|1 -1993|2 -1994|1 -
1020=669|1 -670|1 -1188|1 -1189|1 -
1021=674|3 -1183|3 -1588|4 -
1022=676|1 -1179|1 -
1023=676|5 -1179|5 -
1024=680|1 -1171|3 -1172|2 -1173|1 -
1025=680|3 -1171|5 -1172|4 -1173|3 -
1026=682|1 -1169|1 -
1027=682|3 -1169|3 -
1028=688|1 -1018|1 -1990|1 -
1029=689|1 -1159|1 -1776|1 -
1030=696|1 -1140|2 -1141|1 -1359|3 -1757|2 -1758|1 -
1031=698|6 -1137|6 -1138|6 -1754|6 -1755|6 -1987|6 -
1032=698|4 -1137|4 -1138|4 -1754|4 -1755|4 -1987|4 -
1033=699|2 -771|1 -901|2 -940|1 -941|2 -1016|2 -1912|1 -1913|2 -1988|2 -
1034=699|4 -982|3 -1016|4 -1955|3 -1988|4 -
1035=701|3 -702|3 -1127|4 -1128|3 -1129|3 -1744|4 -1745|3 -1746|3 -1887|4 -1898|3 -1909|3 -
1036=701|4 -702|4 -1127|5 -1128|4 -1129|4 -1744|5 -1745|4 -1746|4 -1887|5 -1898|4 -1909|4 -
1037=704|3 -1125|3 -1345|2 -1346|2 -1574|2 -1580|2 -1742|3 -1763|2 -1774|2 -1782|4 -1865|3 -
1038=704|1 -1125|1 -1742|1 -1865|1 -
1039=704|2 -1125|2 -1742|2 -1865|2 -
1040=704|4 -1125|4 -1742|4 -1865|4 -
1041=709|3 -712|3 -1116|3 -1118|3 -1135|10 -1471|3 -1472|3 -1521|3 -1533|3 -1564|3 -1732|3 -1734|3 -1751|10 -1965|10 -
1042=709|7 -712|7 -1116|7 -1118|7 -1471|7 -1472|7 -1521|7 -1533|7 -1564|7 -1732|7 -1734|7 -
1043=709|4 -712|4 -1116|4 -1118|4 -1471|4 -1472|4 -1521|4 -1533|4 -1564|4 -1732|4 -1734|4 -
1044=711|3 -1019|2 -1111|6 -1117|3 -1689|6 -1733|3 -1781|3 -1784|4 -1920|6 -1991|2 -
1045=711|4 -1117|4 -1615|5 -1733|4 -
1046=715|2 -884|2 -937|5 -1089|5 -1526|3 -1551|3 -1629|3 -1630|3 -1790|3 -1908|5 -
1047=715|3 -884|3 -
1048=715|1 -884|1 -
1049=717|3 -882|3 -
1050=720|1 -880|1 -
1051=720|2 -880|2 -
1052=720|5 -880|5 -
1053=722|6 -879|6 -
1054=723|4 -878|4 -
1055=723|1 -878|1 -
1056=723|3 -878|3 -1635|8 -
1057=724|2 -877|2 -
1058=724|3 -877|3 -
1059=724|5 -877|5 -
1060=724|6 -877|6 -
1061=724|4 -877|4 -
1062=736|1 -984|2 -998|1 -1957|2 -1971|1 -
1063=738|1 -994|1 -1967|1 -
1064=739|6 -993|6 -1966|6 -
1065=739|3 -993|3 -1966|3 -
1066=739|1 -993|1 -1966|1 -
1067=739|5 -993|5 -1966|5 -
1068=739|2 -993|2 -1966|2 -
1069=740|3 -771|2 -939|5 -940|2 -941|3 -990|3 -1911|5 -1912|2 -1913|3 -1962|3 -
1070=743|3 -988|3 -1960|3 -
1071=744|5 -977|4 -985|5 -1950|4 -1958|5 -
1072=746|3 -976|3 -1440|6 -1949|3 -
1073=746|1 -976|1 -1949|1 -
1074=749|1 -752|1 -968|1 -971|1 -1940|1 -1944|1 -
1075=750|1 -762|1 -970|1 -1942|1 -
1076=750|4 -970|4 -1942|4 -
1077=754|2 -966|2 -1939|2 -
1078=754|4 -966|4 -1939|4 -
1079=755|5 -964|5 -1471|17 -1472|17 -1521|17 -1533|17 -1564|17 -1732|17 -1734|17 -1937|5 -
1080=755|4 -964|4 -1937|4 -
1081=755|3 -964|3 -1937|3 -
1082=756|4 -963|4 -1936|4 -
1083=756|3 -963|3 -1537|3 -1936|3 -
1084=756|6 -963|6 -1936|6 -
1085=756|5 -963|5 -1936|5 -
1086=757|1 -961|1 -1934|1 -
1087=759|2 -958|2 -996|2 -1930|2 -1969|2 -
1088=760|3 -957|3 -1929|3 -
1089=760|4 -957|4 -1929|4 -
1090=762|2 -
1091=766|2 -949|2 -1922|2 -
1092=767|3 -947|3 -1918|3 -
1093=768|7 -944|7 -1916|7 -
1094=768|6 -944|6 -1916|6 -
1095=769|8 -943|8 -1654|2 -1915|8 -
1096=769|10 -943|10 -1915|10 -
1097=773|1 -938|1 -1910|1 -
1098=773|3 -938|3 -1910|3 -
1099=776|6 -
1100=776|3 -
1101=776|9 -
1102=776|2 -
1103=777|5 -
1104=778|2 -
1105=778|1 -
1106=779|1 -
1107=781|10 -
1108=781|9 -
1109=782|1 -
1110=782|8 -
1111=782|7 -
1112=783|3 -812|3 -
1113=784|5 -1156|3 -1772|3 -
1114=793|6 -
1115=794|1 -1668|2 -1671|2 -
1116=800|1 -
1117=802|3 -
1118=802|2 -
1119=802|6 -
1120=802|1 -
1121=804|2 -
1122=804|5 -1537|8 -1580|16 -
1123=804|1 -
1124=804|3 -
1125=808|2 -
1126=809|4 -
1127=811|2 -
1128=811|4 -
1129=815|4 -1710|3 -
1130=815|3 -1710|2 -1719|2 -
1131=815|5 -1719|3 -
1132=816|1 -
1133=816|3 -
1134=816|2 -
1135=820|3 -
1136=820|4 -
1137=820|1 -
1138=821|4 -
1139=821|1 -
1140=821|3 -
1141=821|5 -
1142=823|3 -
1143=823|1 -
1144=826|4 -
1145=827|2 -
1146=828|4 -
1147=828|9 -
1148=829|3 -1730|3 -
1149=830|8 -
1150=830|4 -
1151=834|2 -
1152=834|3 -908|6 -1880|6 -
1153=834|4 -
1154=840|2 -
1155=840|9 -
1156=840|10 -
1157=840|4 -
1158=840|1 -
1159=907|3 -1220|3 -1879|3 -
1160=908|4 -1880|4 -
1161=908|7 -1880|7 -
1162=908|5 -1880|5 -
1163=916|6 -1888|6 -
1164=916|4 -1468|4 -1479|4 -1482|4 -1888|4 -
1165=917|2 -1889|2 -
1166=917|3 -1889|3 -
1167=919|6 -1891|6 -
1168=919|2 -1891|2 -
1169=921|2 -1104|2 -1893|2 -
1170=922|3 -1894|3 -
1171=922|5 -1365|2 -1894|5 -
1172=924|4 -1895|4 -
1173=924|2 -1895|2 -
1174=931|5 -1903|5 -
1175=931|3 -1903|3 -
1176=939|2 -1911|2 -
1177=939|3 -1911|3 -
1178=945|3 -
1179=945|2 -1714|3 -
1180=946|3 -1917|3 -
1181=953|5 -1926|5 -
1182=953|4 -1926|4 -
1183=953|3 -1926|3 -
1184=959|3 -1931|3 -
1185=962|2 -1935|2 -
1186=965|5 -1938|5 -
1187=965|2 -1938|2 -
1188=965|3 -1938|3 -
1189=972|2 -979|2 -1945|2 -1951|2 -
1190=972|3 -979|3 -1945|3 -1951|3 -
1191=981|2 -1953|2 -
1192=981|3 -1953|3 -
1193=981|4 -1953|4 -
1194=983|2 -1956|2 -
1195=986|2 -1959|2 -
1196=1005|3 -1977|3 -
1197=1005|4 -1977|4 -
1198=1007|2 -1017|2 -1979|2 -1989|2 -
1199=1007|3 -1017|3 -1327|3 -1979|3 -1989|3 -
1200=1008|3 -1980|3 -
1201=1010|2 -1982|2 -
1202=1010|4 -1982|4 -
1203=1010|5 -1329|2 -1369|5 -1982|5 -
1204=1013|2 -1984|2 -
1205=1019|3 -1991|3 -
1206=1028|3 -
1207=1028|2 -1460|4 -
1208=1029|3 -
1209=1029|2 -
1210=1030|2 -
1211=1030|3 -
1212=1035|4 -1038|4 -1061|2 -
1213=1035|2 -1038|2 -
1214=1036|4 -
1215=1036|3 -
1216=1040|4 -
1217=1040|2 -
1218=1042|3 -1244|3 -
1219=1051|2 -
1220=1051|10 -
1221=1053|2 -1058|2 -
1222=1060|3 -1539|3 -
1223=1069|2 -
1224=1071|2 -
1225=1074|3 -
1226=1081|4 -1085|4 -
1227=1081|3 -1085|3 -
1228=1081|2 -1085|2 -
1229=1083|5 -1526|6 -1551|6 -1629|6 -1630|6 -1790|6 -
1230=1084|3 -
1231=1084|2 -
1232=1087|2 -1446|4 -1584|2 -1858|4 -
1233=1091|2 -
1234=1091|3 -
1235=1097|5 -
1236=1097|2 -
1237=1105|7 -
1238=1105|4 -
1239=1121|2 -1132|2 -
1240=1130|4 -1747|4 -1921|4 -
1241=1130|3 -1148|2 -1155|2 -1336|2 -1747|3 -1765|2 -1771|2 -1921|3 -
1242=1130|5 -1747|5 -1921|5 -
1243=1133|3 -1448|3 -1619|3 -1749|3 -1859|3 -1943|3 -
1244=1135|3 -1751|3 -1965|3 -
1245=1135|4 -1751|4 -1965|4 -
1246=1135|9 -1500|2 -1501|2 -1537|6 -1751|9 -1965|9 -
1247=1135|6 -1751|6 -1965|6 -
1248=1136|2 -1753|2 -1976|2 -
1249=1136|3 -1753|3 -1976|3 -
1250=1147|3 -1764|3 -
1251=1147|4 -1764|4 -
1252=1149|3 -1766|3 -
1253=1149|4 -1766|4 -
1254=1152|8 -1769|8 -
1255=1152|9 -1769|9 -
1256=1152|6 -1769|6 -
1257=1152|4 -1769|4 -
1258=1154|4 -1187|4 -
1259=1154|5 -1187|5 -1354|3 -
1260=1156|4 8 -1772|4 8 -
1261=1156|13 -1752|7 -1772|13 -
1262=1156|7 -1772|7 -
1263=1160|2 -1777|2 -
1264=1176|3 -
1265=1176|2 -
1266=1178|2 -
1267=1181|2 -
1268=1191|4 -
1269=1191|2 -
1270=1203|2 -
1271=1203|3 -
1272=1204|2 -
1273=1217|5 -
1274=1217|2 -1219|4 -1468|14 -1471|10 -1472|10 -1521|10 -1533|10 -1564|10 -1732|10 -1734|10 -
1275=1219|5 -
1276=1243|2 -
1277=1249|3 -
1278=1250|2 -
1279=1255|2 -
1280=1255|4 -
1281=1256|2 -1259|2 -
1282=1269|8 -1614|3 -
1283=1269|6 -
1284=1269|7 -
1285=1270|2 -1274|2 -
1286=1280|2 -
1287=1280|3 -
1288=1291|4 -1317|3 -1318|3 -1640|4 -
1289=1292|2 -
1290=1304|2 -
1291=1304|5 -1651|3 -
1292=1307|6 -
1293=1315|6 -1325|4 -
1294=1345|3 -1346|3 -
1295=1359|2 -
1296=1360|3 -1425|2 -1811|2 -
1297=1365|3 -
1298=1368|2 4 -
1299=1368|3 5 -
1300=1369|4 -
1301=1369|3 -
1302=1375|3 -1812|3 -
1303=1375|4 -1812|4 -
1304=1379|3 -1381|3 -
1305=1379|2 -1381|2 -
1306=1390|3 -
1307=1402|3 -1819|3 -
1308=1408|3 -1439|2 -1539|6 -1826|3 -1850|2 -
1309=1408|2 -1826|2 -
1310=1414|4 -
1311=1417|4 -1833|4 -
1312=1422|2 -1423|2 -1808|2 -1809|2 -
1313=1425|5 -1811|5 -
1314=1429|6 -1541|2 -
1315=1429|4 -
1316=1437|2 -1848|2 -
1317=1439|4 -1850|4 -
1318=1440|9 -
1319=1440|2 -
1320=1440|13 -
1321=1440|3 -
1322=1440|8 -
1323=1445|3 -1857|3 -
1324=1445|2 -1857|2 -
1325=1452|2 -1463|2 -1474|2 -
1326=1453|6 -
1327=1460|2 -1516|2 -1553|2 -
1328=1460|5 -
1329=1461|1 -1693|1 -
1330=1461|2 -1693|2 -
1331=1467|4 -
1332=1467|8 -1580|13 -
1333=1468|8 -
1334=1468|5 -
1335=1468|9 -
1336=1468|11 -
1337=1468|12 -
1338=1471|11 13 -1472|11 13 -1521|11 13 -1533|11 13 -1564|11 13 -1732|11 13 -1734|11 13 -
1339=1471|12 -1472|12 -1521|12 -1533|12 -1564|12 -1732|12 -1734|12 -
1340=1471|18 -1472|18 -1521|18 -1533|18 -1564|18 -1732|18 -1734|18 -
1341=1471|19 -1472|19 -1521|19 -1533|19 -1564|19 -1732|19 -1734|19 -
1342=1471|15 -1472|15 -1521|15 -1533|15 -1564|15 -1732|15 -1734|15 -
1343=1471|9 -1472|9 -1521|9 -1533|9 -1564|9 -1732|9 -1734|9 -
1344=1475|3 -
1345=1476|7 -
1346=1479|9 -1482|9 -
1347=1480|2 -
1348=1487|3 -
1349=1490|13 -
1350=1490|6 -
1351=1490|2 -
1352=1490|11 -
1353=1490|3 -
1354=1492|4 -1494|4 -
1355=1492|5 -1494|5 -1500|5 -1501|5 -
1356=1493|7 -
1357=1493|12 -
1358=1493|5 -
1359=1494|6 -
1360=1498|2 -1504|2 -1505|2 -
1361=1500|3 -1501|3 -
1362=1502|6 -
1363=1503|4 -
1364=1508|3 -1509|3 -1513|3 -
1365=1514|3 -
1366=1514|2 -
1367=1516|4 -
1368=1526|5 -1551|5 -1629|5 -1630|5 -1790|5 -
1369=1526|4 -1551|4 -1629|4 -1630|4 -1790|4 -
1370=1527|6 -1546|3 -1547|3 -
1371=1529|7 -
1372=1534|2 -
1373=1544|1 -
1374=1545|8 -
1375=1545|9 -
1376=1546|12 -1547|12 -
1377=1546|4 -1547|4 -
1378=1556|3 -
1379=1559|2 -1565|2 -
1380=1559|10 -1565|10 -1566|3 -
1381=1559|8 -1565|8 -
1382=1559|6 -1565|6 -
1383=1568|9 -1613|12 -
1384=1568|2 -
1385=1574|3 -
1386=1580|3 -
1387=1580|9 -
1388=1580|6 -
1389=1584|3 -
1390=1586|4 -
1391=1593|2 -1624|2 -
1392=1606|4 -
1393=1606|2 -
1394=1606|3 -
1395=1608|2 -
1396=1608|3 -
1397=1609|4 -1634|9 -
1398=1609|3 -1634|8 -
1399=1613|8 -
1400=1613|7 -
1401=1613|16 -
1402=1613|2 -
1403=1613|6 -
1404=1613|18 -
1405=1613|5 -
1406=1613|14 -
1407=1614|7 -
1408=1615|7 -
1409=1615|2 -
1410=1615|8 -
1411=1622|3 -
1412=1622|2 -
1413=1622|5 -
1414=1622|6 -
1415=1634|6 -1635|6 -1636|6 -
1416=1634|3 -1635|3 -1636|3 -
1417=1635|9 -1636|11 -
1418=1636|8 -
1419=1637|2 -
1420=1639|4 -1640|3 -1714|2 -
1421=1639|3 -
1422=1639|2 -
1423=1640|2 -
1424=1648|3 -
1425=1654|3 -
1426=1660|2 -
1427=1667|5 -
1428=1667|3 -
1429=1667|4 -
1430=1685|6 -
1431=1685|4 -
1432=1685|2 -
1433=1690|3 -
1434=1690|2 -
1435=1690|4 -
1436=1697|3 -
1437=1697|2 -
1438=1701|2 -
1439=1701|4 -
1440=1704|2 -
1441=1704|3 -
1442=1710|4 -
1443=1714|4 -
1444=1714|5 -
1445=1726|3 -
1446=1752|8 -
1447=1752|9 -
1448=1752|4 -
1449=1752|5 -
1450=1752|3 -
1451=1752|6 -
1452=1752|2 -
1453=1763|5 -1774|5 -
1454=1778|2 -
1455=1782|5 -
1456=1788|8 -
1457=1788|3 -
1458=1788|5 -
1459=1793|6 -
1460=1793|5 -
1461=1793|9 -
